1.535060e+003 -9.143000e+001
1.535080e+003 -9.173000e+001
1.535100e+003 -9.038000e+001
1.535120e+003 -9.070000e+001
1.535140e+003 -9.218000e+001
1.535160e+003 -9.272000e+001
1.535180e+003 -9.335000e+001
1.535200e+003 -9.181000e+001
1.535220e+003 -9.026000e+001
1.535240e+003 -8.962000e+001
1.535260e+003 -9.268000e+001
1.535280e+003 -9.252000e+001
1.535300e+003 -9.103000e+001
1.535320e+003 -9.311000e+001
1.535339e+003 -9.124000e+001
1.535359e+003 -9.058000e+001
1.535379e+003 -9.233000e+001
1.535399e+003 -9.206000e+001
1.535419e+003 -9.196000e+001
1.535439e+003 -9.095000e+001
1.535459e+003 -9.092000e+001
1.535479e+003 -9.207000e+001
1.535499e+003 -9.029000e+001
1.535519e+003 -9.221000e+001
1.535539e+003 -8.950000e+001
1.535559e+003 -9.123000e+001
1.535579e+003 -9.377000e+001
1.535599e+003 -9.338000e+001
1.535619e+003 -9.209000e+001
1.535639e+003 -9.031000e+001
1.535659e+003 -9.180000e+001
1.535679e+003 -9.265000e+001
1.535699e+003 -9.147000e+001
1.535719e+003 -9.158000e+001
1.535739e+003 -9.355000e+001
1.535759e+003 -9.049000e+001
1.535779e+003 -9.193000e+001
1.535799e+003 -9.244000e+001
1.535819e+003 -9.316000e+001
1.535839e+003 -8.970000e+001
1.535858e+003 -9.186000e+001
1.535878e+003 -9.151000e+001
1.535898e+003 -9.174000e+001
1.535918e+003 -8.974000e+001
1.535938e+003 -9.037000e+001
1.535958e+003 -9.025000e+001
1.535978e+003 -9.158000e+001
1.535998e+003 -9.206000e+001
1.536018e+003 -9.104000e+001
1.536038e+003 -9.113000e+001
1.536058e+003 -8.877000e+001
1.536078e+003 -9.072000e+001
1.536098e+003 -8.816000e+001
1.536118e+003 -8.866000e+001
1.536138e+003 -8.853000e+001
1.536158e+003 -8.733000e+001
1.536178e+003 -8.698000e+001
1.536198e+003 -8.525000e+001
1.536218e+003 -8.470000e+001
1.536238e+003 -8.406000e+001
1.536258e+003 -8.306000e+001
1.536278e+003 -8.233000e+001
1.536298e+003 -8.161000e+001
1.536318e+003 -8.070000e+001
1.536338e+003 -8.042000e+001
1.536357e+003 -8.005000e+001
1.536377e+003 -8.004000e+001
1.536397e+003 -8.056000e+001
1.536417e+003 -8.137000e+001
1.536437e+003 -8.288000e+001
1.536457e+003 -8.449000e+001
1.536477e+003 -8.597000e+001
1.536497e+003 -8.857000e+001
1.536517e+003 -8.938000e+001
1.536537e+003 -9.050000e+001
1.536557e+003 -9.089000e+001
1.536577e+003 -8.937000e+001
1.536597e+003 -8.893000e+001
1.536617e+003 -8.702000e+001
1.536637e+003 -8.687000e+001
1.536657e+003 -8.725000e+001
1.536677e+003 -8.671000e+001
1.536697e+003 -8.649000e+001
1.536717e+003 -8.602000e+001
1.536737e+003 -8.590000e+001
1.536757e+003 -8.553000e+001
1.536777e+003 -8.517000e+001
1.536797e+003 -8.455000e+001
1.536817e+003 -8.531000e+001
1.536837e+003 -8.500000e+001
1.536856e+003 -8.531000e+001
1.536876e+003 -8.535000e+001
1.536896e+003 -8.570000e+001
1.536916e+003 -8.611000e+001
1.536936e+003 -8.636000e+001
1.536956e+003 -8.674000e+001
1.536976e+003 -8.693000e+001
1.536996e+003 -8.743000e+001
1.537016e+003 -8.743000e+001
1.537036e+003 -8.789000e+001
1.537056e+003 -8.790000e+001
1.537076e+003 -8.889000e+001
1.537096e+003 -8.965000e+001
1.537116e+003 -8.971000e+001
1.537136e+003 -9.089000e+001
1.537156e+003 -8.947000e+001
1.537176e+003 -8.961000e+001
1.537196e+003 -9.147000e+001
1.537216e+003 -9.041000e+001
1.537236e+003 -8.994000e+001
1.537256e+003 -9.157000e+001
1.537276e+003 -9.272000e+001
1.537296e+003 -9.208000e+001
1.537316e+003 -9.180000e+001
1.537336e+003 -9.151000e+001
1.537355e+003 -8.994000e+001
1.537375e+003 -9.066000e+001
1.537395e+003 -9.045000e+001
1.537415e+003 -9.168000e+001
1.537435e+003 -9.116000e+001
1.537455e+003 -9.054000e+001
1.537475e+003 -9.073000e+001
1.537495e+003 -9.231000e+001
1.537515e+003 -9.127000e+001
1.537535e+003 -9.056000e+001
1.537555e+003 -9.745000e+001
1.537575e+003 -9.283000e+001
1.537595e+003 -9.240000e+001
1.537615e+003 -9.261000e+001
1.537635e+003 -9.240000e+001
1.537655e+003 -9.093000e+001
1.537675e+003 -9.381000e+001
1.537695e+003 -9.438000e+001
1.537715e+003 -9.455000e+001
1.537735e+003 -9.040000e+001
1.537755e+003 -9.161000e+001
1.537775e+003 -9.221000e+001
1.537795e+003 -9.082000e+001
1.537815e+003 -9.273000e+001
1.537835e+003 -9.244000e+001
1.537854e+003 -9.274000e+001
1.537874e+003 -9.071000e+001
1.537894e+003 -9.157000e+001
1.537914e+003 -9.186000e+001
1.537934e+003 -8.987000e+001
1.537954e+003 -9.356000e+001
1.537974e+003 -8.995000e+001
1.537994e+003 -9.127000e+001
1.538014e+003 -9.235000e+001
1.538034e+003 -9.104000e+001
1.538054e+003 -9.286000e+001
1.538074e+003 -9.462000e+001
1.538094e+003 -9.101000e+001
1.538114e+003 -9.336000e+001
1.538134e+003 -9.315000e+001
1.538154e+003 -9.307000e+001
1.538174e+003 -9.292000e+001
1.538194e+003 -8.994000e+001
1.538214e+003 -9.179000e+001
1.538234e+003 -9.010000e+001
1.538254e+003 -9.095000e+001
1.538274e+003 -9.298000e+001
1.538294e+003 -9.166000e+001
1.538314e+003 -9.150000e+001
1.538334e+003 -9.134000e+001
1.538353e+003 -9.114000e+001
1.538373e+003 -8.937000e+001
1.538393e+003 -9.047000e+001
1.538413e+003 -8.914000e+001
1.538433e+003 -9.072000e+001
1.538453e+003 -8.979000e+001
1.538473e+003 -8.931000e+001
1.538493e+003 -8.764000e+001
1.538513e+003 -8.695000e+001
1.538533e+003 -8.712000e+001
1.538553e+003 -8.621000e+001
1.538573e+003 -8.505000e+001
1.538593e+003 -8.376000e+001
1.538613e+003 -8.289000e+001
1.538633e+003 -8.220000e+001
1.538653e+003 -8.108000e+001
1.538673e+003 -8.012000e+001
1.538693e+003 -7.912000e+001
1.538713e+003 -7.821000e+001
1.538733e+003 -7.680000e+001
1.538753e+003 -7.589000e+001
1.538773e+003 -7.492000e+001
1.538793e+003 -7.389000e+001
1.538813e+003 -7.291000e+001
1.538833e+003 -7.194000e+001
1.538852e+003 -7.093000e+001
1.538872e+003 -6.995000e+001
1.538892e+003 -6.899000e+001
1.538912e+003 -6.798000e+001
1.538932e+003 -6.695000e+001
1.538952e+003 -6.596000e+001
1.538972e+003 -6.495000e+001
1.538992e+003 -6.395000e+001
1.539012e+003 -6.290000e+001
1.539032e+003 -6.185000e+001
1.539052e+003 -6.078000e+001
1.539072e+003 -5.961000e+001
1.539092e+003 -5.843000e+001
1.539112e+003 -5.715000e+001
1.539132e+003 -5.597000e+001
1.539152e+003 -5.472000e+001
1.539172e+003 -5.353000e+001
1.539192e+003 -5.233000e+001
1.539212e+003 -5.116000e+001
1.539232e+003 -4.995000e+001
1.539252e+003 -4.871000e+001
1.539272e+003 -4.742000e+001
1.539292e+003 -4.617000e+001
1.539312e+003 -4.482000e+001
1.539332e+003 -4.343000e+001
1.539351e+003 -4.205000e+001
1.539371e+003 -4.067000e+001
1.539391e+003 -3.930000e+001
1.539411e+003 -3.794000e+001
1.539431e+003 -3.675000e+001
1.539451e+003 -3.584000e+001
1.539471e+003 -3.529000e+001
1.539491e+003 -3.509000e+001
1.539511e+003 -3.537000e+001
1.539531e+003 -3.616000e+001
1.539551e+003 -3.765000e+001
1.539571e+003 -3.968000e+001
1.539591e+003 -4.232000e+001
1.539611e+003 -4.417000e+001
1.539631e+003 -4.369000e+001
1.539651e+003 -4.197000e+001
1.539671e+003 -4.037000e+001
1.539691e+003 -3.909000e+001
1.539711e+003 -3.804000e+001
1.539731e+003 -3.723000e+001
1.539751e+003 -3.674000e+001
1.539771e+003 -3.647000e+001
1.539791e+003 -3.628000e+001
1.539811e+003 -3.616000e+001
1.539831e+003 -3.615000e+001
1.539850e+003 -3.612000e+001
1.539870e+003 -3.603000e+001
1.539890e+003 -3.596000e+001
1.539910e+003 -3.590000e+001
1.539930e+003 -3.597000e+001
1.539950e+003 -3.611000e+001
1.539970e+003 -3.640000e+001
1.539990e+003 -3.686000e+001
1.540010e+003 -3.747000e+001
1.540030e+003 -3.810000e+001
1.540050e+003 -3.875000e+001
1.540070e+003 -3.945000e+001
1.540090e+003 -4.016000e+001
1.540110e+003 -4.110000e+001
1.540130e+003 -4.211000e+001
1.540150e+003 -4.319000e+001
1.540170e+003 -4.437000e+001
1.540190e+003 -4.564000e+001
1.540210e+003 -4.695000e+001
1.540230e+003 -4.849000e+001
1.540250e+003 -5.002000e+001
1.540270e+003 -5.160000e+001
1.540290e+003 -5.329000e+001
1.540310e+003 -5.478000e+001
1.540330e+003 -5.610000e+001
1.540349e+003 -5.715000e+001
1.540369e+003 -5.800000e+001
1.540389e+003 -5.879000e+001
1.540409e+003 -5.954000e+001
1.540429e+003 -6.037000e+001
1.540449e+003 -6.123000e+001
1.540469e+003 -6.230000e+001
1.540489e+003 -6.333000e+001
1.540509e+003 -6.441000e+001
1.540529e+003 -6.560000e+001
1.540549e+003 -6.683000e+001
1.540569e+003 -6.804000e+001
1.540589e+003 -6.935000e+001
1.540609e+003 -7.045000e+001
1.540629e+003 -7.168000e+001
1.540649e+003 -7.299000e+001
1.540669e+003 -7.428000e+001
1.540689e+003 -7.553000e+001
1.540709e+003 -7.679000e+001
1.540729e+003 -7.806000e+001
1.540749e+003 -7.927000e+001
1.540769e+003 -8.028000e+001
1.540789e+003 -8.151000e+001
1.540809e+003 -8.268000e+001
1.540829e+003 -8.352000e+001
1.540848e+003 -8.467000e+001
1.540868e+003 -8.597000e+001
1.540888e+003 -8.682000e+001
1.540908e+003 -8.814000e+001
1.540928e+003 -8.755000e+001
1.540948e+003 -9.007000e+001
1.540968e+003 -8.909000e+001
1.540988e+003 -8.904000e+001
1.541008e+003 -8.935000e+001
1.541028e+003 -8.980000e+001
1.541048e+003 -8.806000e+001
1.541068e+003 -8.896000e+001
1.541088e+003 -9.132000e+001
1.541108e+003 -9.161000e+001
1.541128e+003 -9.036000e+001
1.541148e+003 -9.132000e+001
1.541168e+003 -9.120000e+001
1.541188e+003 -9.104000e+001
1.541208e+003 -9.137000e+001
1.541228e+003 -9.063000e+001
1.541248e+003 -9.071000e+001
1.541268e+003 -9.201000e+001
1.541288e+003 -9.130000e+001
1.541308e+003 -9.168000e+001
1.541328e+003 -9.121000e+001
1.541347e+003 -9.159000e+001
1.541367e+003 -9.174000e+001
1.541387e+003 -9.078000e+001
1.541407e+003 -9.024000e+001
1.541427e+003 -9.097000e+001
1.541447e+003 -9.136000e+001
1.541467e+003 -9.157000e+001
1.541487e+003 -9.488000e+001
1.541507e+003 -9.216000e+001
1.541527e+003 -9.267000e+001
1.541547e+003 -9.099000e+001
1.541567e+003 -9.235000e+001
1.541587e+003 -9.116000e+001
1.541607e+003 -9.290000e+001
1.541627e+003 -9.617000e+001
1.541647e+003 -9.140000e+001
1.541667e+003 -8.978000e+001
1.541687e+003 -9.187000e+001
1.541707e+003 -9.267000e+001
1.541727e+003 -9.081000e+001
1.541747e+003 -9.158000e+001
1.541767e+003 -9.333000e+001
1.541787e+003 -9.157000e+001
1.541807e+003 -9.116000e+001
1.541827e+003 -9.202000e+001
1.541846e+003 -9.108000e+001
1.541866e+003 -9.142000e+001
1.541886e+003 -9.407000e+001
1.541906e+003 -9.202000e+001
1.541926e+003 -9.206000e+001
1.541946e+003 -9.061000e+001
1.541966e+003 -9.001000e+001
1.541986e+003 -9.076000e+001
1.542006e+003 -9.077000e+001
1.542026e+003 -9.124000e+001
1.542046e+003 -9.161000e+001
1.542066e+003 -9.129000e+001
1.542086e+003 -9.177000e+001
1.542106e+003 -9.151000e+001
1.542126e+003 -9.130000e+001
1.542146e+003 -9.308000e+001
1.542166e+003 -9.011000e+001
1.542186e+003 -9.104000e+001
1.542206e+003 -8.943000e+001
1.542226e+003 -8.948000e+001
1.542246e+003 -8.993000e+001
1.542266e+003 -8.919000e+001
1.542286e+003 -8.862000e+001
1.542306e+003 -8.894000e+001
1.542326e+003 -8.728000e+001
1.542345e+003 -8.757000e+001
1.542365e+003 -8.799000e+001
1.542385e+003 -8.768000e+001
1.542405e+003 -8.744000e+001
1.542425e+003 -8.676000e+001
1.542445e+003 -8.707000e+001
1.542465e+003 -8.636000e+001
1.542485e+003 -8.608000e+001
1.542505e+003 -8.508000e+001
1.542525e+003 -8.408000e+001
1.542545e+003 -8.320000e+001
1.542565e+003 -8.217000e+001
1.542585e+003 -8.093000e+001
1.542605e+003 -7.978000e+001
1.542625e+003 -7.904000e+001
1.542645e+003 -7.847000e+001
1.542665e+003 -7.836000e+001
1.542685e+003 -7.864000e+001
1.542705e+003 -7.910000e+001
1.542725e+003 -7.965000e+001
1.542745e+003 -7.981000e+001
1.542765e+003 -7.872000e+001
1.542785e+003 -7.594000e+001
1.542805e+003 -7.156000e+001
1.542825e+003 -6.932000e+001
1.542844e+003 -6.667000e+001
1.542864e+003 -6.146000e+001
1.542884e+003 -5.875000e+001
1.542904e+003 -5.503000e+001
1.542924e+003 -4.409000e+001
1.542944e+003 -3.740000e+001
1.542964e+003 -3.627000e+001
1.542984e+003 -3.619000e+001
1.543004e+003 -3.623000e+001
1.543024e+003 -3.716000e+001
1.543044e+003 -4.348000e+001
1.543064e+003 -5.315000e+001
1.543084e+003 -6.005000e+001
1.543104e+003 -6.434000e+001
1.543124e+003 -6.692000e+001
1.543144e+003 -6.941000e+001
1.543164e+003 -7.040000e+001
1.543184e+003 -7.339000e+001
1.543204e+003 -7.623000e+001
1.543224e+003 -7.824000e+001
1.543244e+003 -7.959000e+001
1.543264e+003 -8.056000e+001
1.543284e+003 -8.151000e+001
1.543304e+003 -8.279000e+001
1.543324e+003 -8.376000e+001
1.543343e+003 -8.397000e+001
1.543363e+003 -8.502000e+001
1.543383e+003 -8.519000e+001
1.543403e+003 -8.647000e+001
1.543423e+003 -8.648000e+001
1.543443e+003 -8.718000e+001
1.543463e+003 -8.744000e+001
1.543483e+003 -8.697000e+001
1.543503e+003 -8.858000e+001
1.543523e+003 -8.890000e+001
1.543543e+003 -8.920000e+001
1.543563e+003 -8.927000e+001
1.543583e+003 -9.106000e+001
1.543603e+003 -9.111000e+001
1.543623e+003 -9.018000e+001
1.543643e+003 -9.134000e+001
1.543663e+003 -9.180000e+001
1.543683e+003 -9.180000e+001
1.543703e+003 -9.213000e+001
1.543723e+003 -9.137000e+001
1.543743e+003 -9.062000e+001
1.543763e+003 -9.215000e+001
1.543783e+003 -9.500000e+001
1.543803e+003 -9.087000e+001
1.543823e+003 -9.183000e+001
1.543842e+003 -9.137000e+001
1.543862e+003 -9.260000e+001
1.543882e+003 -9.084000e+001
1.543902e+003 -9.241000e+001
1.543922e+003 -9.229000e+001
1.543942e+003 -9.015000e+001
1.543962e+003 -9.213000e+001
1.543982e+003 -9.265000e+001
1.544002e+003 -9.309000e+001
1.544022e+003 -9.347000e+001
1.544042e+003 -9.054000e+001
1.544062e+003 -9.218000e+001
1.544082e+003 -9.112000e+001
1.544102e+003 -9.398000e+001
1.544122e+003 -9.237000e+001
1.544142e+003 -9.201000e+001
1.544162e+003 -9.535000e+001
1.544182e+003 -9.244000e+001
1.544202e+003 -9.333000e+001
1.544222e+003 -9.117000e+001
1.544242e+003 -9.342000e+001
1.544262e+003 -9.304000e+001
1.544282e+003 -9.060000e+001
1.544302e+003 -9.338000e+001
1.544322e+003 -9.054000e+001
1.544341e+003 -9.258000e+001
1.544361e+003 -9.193000e+001
1.544381e+003 -9.109000e+001
1.544401e+003 -9.198000e+001
1.544421e+003 -9.393000e+001
1.544441e+003 -9.175000e+001
1.544461e+003 -9.186000e+001
1.544481e+003 -9.128000e+001
1.544501e+003 -9.176000e+001
1.544521e+003 -9.270000e+001
1.544541e+003 -9.143000e+001
1.544561e+003 -9.308000e+001
1.544581e+003 -9.245000e+001
1.544601e+003 -9.355000e+001
1.544621e+003 -9.160000e+001
1.544641e+003 -9.485000e+001
1.544661e+003 -9.160000e+001
1.544681e+003 -9.119000e+001
1.544701e+003 -9.284000e+001
1.544721e+003 -9.335000e+001
1.544741e+003 -9.161000e+001
1.544761e+003 -9.358000e+001
1.544781e+003 -9.340000e+001
1.544801e+003 -9.106000e+001
1.544821e+003 -9.531000e+001
1.544840e+003 -9.410000e+001
1.544860e+003 -9.192000e+001
1.544880e+003 -9.401000e+001
1.544900e+003 -9.091000e+001
1.544920e+003 -9.319000e+001
1.544940e+003 -9.263000e+001
1.544960e+003 -9.166000e+001
1.544980e+003 -9.425000e+001
1.545000e+003 -9.153000e+001
1.545020e+003 -9.187000e+001
1.545040e+003 -9.395000e+001
