1.542400e+003,6.040900e-003,2.734663e-005
1.542405e+003,6.111982e-003,2.746641e-005
1.542410e+003,6.120641e-003,2.718470e-005
1.542415e+003,6.053825e-003,2.732677e-005
1.542420e+003,6.134199e-003,2.739942e-005
1.542425e+003,6.143269e-003,2.734230e-005
1.542430e+003,6.087624e-003,2.745215e-005
1.542435e+003,6.050899e-003,2.755571e-005
1.542440e+003,6.040851e-003,2.751066e-005
1.542445e+003,6.129663e-003,2.754202e-005
1.542450e+003,6.098181e-003,2.759302e-005
1.542455e+003,6.051167e-003,2.760555e-005
1.542460e+003,6.037291e-003,2.763866e-005
1.542465e+003,6.080355e-003,2.782298e-005
1.542470e+003,6.026002e-003,2.779672e-005
1.542475e+003,6.112909e-003,2.787288e-005
1.542480e+003,6.142269e-003,2.761150e-005
1.542485e+003,6.127491e-003,2.785719e-005
1.542490e+003,6.112983e-003,2.765903e-005
1.542495e+003,6.143440e-003,2.780164e-005
1.542500e+003,6.137245e-003,2.764649e-005
1.542505e+003,6.105692e-003,2.780662e-005
1.542510e+003,6.129590e-003,2.790277e-005
1.542515e+003,6.064334e-003,2.796152e-005
1.542520e+003,6.066676e-003,2.801787e-005
1.542525e+003,6.127005e-003,2.729888e-005
1.542530e+003,6.128784e-003,2.783136e-005
1.542535e+003,6.101034e-003,2.747453e-005
1.542540e+003,6.142976e-003,2.748917e-005
1.542545e+003,6.044996e-003,2.729430e-005
1.542550e+003,6.042267e-003,2.776375e-005
1.542555e+003,6.122419e-003,2.771308e-005
1.542560e+003,6.137587e-003,2.776167e-005
1.542565e+003,6.076552e-003,2.775004e-005
1.542570e+003,6.065676e-003,2.786312e-005
1.542575e+003,6.052264e-003,2.775597e-005
1.542580e+003,6.111056e-003,2.748237e-005
1.542585e+003,6.111960e-003,2.785524e-005
1.542590e+003,6.072698e-003,2.807660e-005
1.542595e+003,6.095302e-003,2.810268e-005
1.542600e+003,6.120469e-003,2.796107e-005
1.542605e+003,6.071748e-003,2.814395e-005
1.542610e+003,6.089937e-003,2.826631e-005
1.542615e+003,6.065066e-003,2.824425e-005
1.542620e+003,6.142978e-003,2.805926e-005
1.542625e+003,6.129053e-003,2.820948e-005
1.542630e+003,6.042704e-003,2.813769e-005
1.542635e+003,6.056068e-003,2.804923e-005
1.542640e+003,6.070455e-003,2.806539e-005
1.542645e+003,6.070261e-003,2.797087e-005
1.542650e+003,6.122859e-003,2.793148e-005
1.542655e+003,6.072284e-003,2.772578e-005
1.542660e+003,6.120078e-003,2.777550e-005
1.542665e+003,6.082965e-003,2.755780e-005
1.542670e+003,6.132150e-003,2.767748e-005
1.542675e+003,6.111154e-003,2.768094e-005
1.542680e+003,6.140660e-003,2.754745e-005
1.542685e+003,6.075503e-003,2.732609e-005
1.542690e+003,6.143536e-003,2.728322e-005
1.542695e+003,6.064895e-003,2.717704e-005
1.542700e+003,6.172776e-003,2.713638e-005
1.542705e+003,6.107692e-003,2.697878e-005
1.542710e+003,6.143244e-003,2.675270e-005
1.542715e+003,6.131394e-003,2.657313e-005
1.542720e+003,6.115226e-003,2.669437e-005
1.542725e+003,6.062872e-003,2.658432e-005
1.542730e+003,6.160290e-003,2.657009e-005
1.542735e+003,6.080624e-003,2.631624e-005
1.542740e+003,6.156900e-003,2.631989e-005
1.542745e+003,6.061555e-003,2.592121e-005
1.542750e+003,6.134319e-003,2.605900e-005
1.542755e+003,6.098621e-003,2.557415e-005
1.542760e+003,6.044412e-003,2.563060e-005
1.542765e+003,6.056581e-003,2.502651e-005
1.542770e+003,6.087769e-003,2.486734e-005
1.542775e+003,6.137538e-003,2.488007e-005
1.542780e+003,6.128810e-003,2.442771e-005
1.542785e+003,6.123348e-003,2.429239e-005
1.542790e+003,6.084257e-003,2.364016e-005
1.542795e+003,6.113518e-003,2.366978e-005
1.542800e+003,6.071552e-003,2.281015e-005
1.542805e+003,6.068187e-003,2.179833e-005
1.542810e+003,6.136271e-003,2.177466e-005
1.542815e+003,6.120394e-003,2.085478e-005
1.542820e+003,6.085110e-003,2.088147e-005
1.542825e+003,6.066700e-003,1.987987e-005
1.542830e+003,6.087403e-003,1.980674e-005
1.542835e+003,6.096376e-003,1.888986e-005
1.542840e+003,6.102472e-003,1.881490e-005
1.542845e+003,6.064677e-003,1.802363e-005
1.542850e+003,6.136172e-003,1.819641e-005
1.542855e+003,6.035756e-003,1.779552e-005
1.542860e+003,6.127443e-003,1.755124e-005
1.542865e+003,6.133051e-003,1.760601e-005
1.542870e+003,6.054409e-003,1.785472e-005
1.542875e+003,6.031585e-003,1.840723e-005
1.542880e+003,6.028221e-003,1.843390e-005
1.542885e+003,6.040146e-003,1.905979e-005
1.542891e+003,6.093086e-003,1.915396e-005
1.542896e+003,6.097986e-003,2.024870e-005
1.542901e+003,6.049119e-003,2.016751e-005
1.542906e+003,6.124273e-003,2.135041e-005
1.542911e+003,6.120348e-003,2.114900e-005
1.542916e+003,6.041412e-003,2.198373e-005
1.542921e+003,6.064360e-003,2.198039e-005
1.542926e+003,6.055434e-003,2.281873e-005
1.542931e+003,6.135197e-003,2.294553e-005
1.542936e+003,6.030560e-003,2.348114e-005
1.542941e+003,6.045802e-003,2.350460e-005
1.542946e+003,6.086891e-003,2.402322e-005
1.542951e+003,6.128930e-003,2.373136e-005
1.542956e+003,6.017198e-003,2.433171e-005
1.542961e+003,6.045314e-003,2.432446e-005
1.542966e+003,6.050656e-003,2.442773e-005
1.542971e+003,6.049484e-003,2.440753e-005
1.542976e+003,6.041707e-003,2.473993e-005
1.542981e+003,6.072552e-003,2.473438e-005
1.542986e+003,6.124761e-003,2.471809e-005
1.542991e+003,6.135710e-003,2.485738e-005
1.542996e+003,6.089646e-003,2.519264e-005
1.543001e+003,6.111763e-003,2.502816e-005
1.543006e+003,6.092719e-003,2.552154e-005
1.543011e+003,6.085184e-003,2.546029e-005
1.543016e+003,6.133613e-003,2.584210e-005
1.543021e+003,6.071821e-003,2.568838e-005
1.543026e+003,6.135345e-003,2.585148e-005
1.543031e+003,6.081308e-003,2.587682e-005
1.543036e+003,6.060799e-003,2.616162e-005
1.543041e+003,6.153121e-003,2.595447e-005
1.543046e+003,6.121470e-003,2.613921e-005
1.543051e+003,6.115030e-003,2.600380e-005
1.543056e+003,6.084916e-003,2.612958e-005
1.543061e+003,6.139465e-003,2.617013e-005
1.543066e+003,6.138783e-003,2.630029e-005
1.543071e+003,6.073382e-003,2.631017e-005
1.543076e+003,6.067261e-003,2.626694e-005
1.543081e+003,6.042802e-003,2.616685e-005
1.543086e+003,6.063579e-003,2.608161e-005
1.543091e+003,6.063968e-003,2.589677e-005
1.543096e+003,6.045998e-003,2.626887e-005
1.543101e+003,6.053557e-003,2.609014e-005
1.543106e+003,6.168311e-003,2.592491e-005
1.543111e+003,6.077942e-003,2.575328e-005
1.543116e+003,6.170898e-003,2.594780e-005
1.543121e+003,6.069212e-003,2.596167e-005
1.543126e+003,6.029928e-003,2.604062e-005
1.543131e+003,6.116201e-003,2.626300e-005
1.543136e+003,6.037707e-003,2.624931e-005
1.543141e+003,6.027100e-003,2.615717e-005
1.543146e+003,6.144512e-003,2.629723e-005
1.543151e+003,6.132002e-003,2.599800e-005
1.543156e+003,6.061043e-003,2.632843e-005
1.543161e+003,6.109934e-003,2.611268e-005
1.543166e+003,6.141440e-003,2.637852e-005
1.543171e+003,6.110983e-003,2.623495e-005
1.543176e+003,6.146169e-003,2.641801e-005
1.543181e+003,6.133735e-003,2.620835e-005
1.543186e+003,6.138831e-003,2.644383e-005
1.543191e+003,6.124493e-003,2.585675e-005
1.543196e+003,6.118835e-003,2.645624e-005
1.543201e+003,6.156533e-003,2.621615e-005
1.543206e+003,6.110739e-003,2.611427e-005
1.543211e+003,6.061213e-003,2.601646e-005
1.543216e+003,6.044509e-003,2.626577e-005
1.543221e+003,6.071454e-003,2.640299e-005
1.543226e+003,6.125346e-003,2.569823e-005
1.543231e+003,6.077942e-003,2.600817e-005
1.543236e+003,6.057214e-003,2.607711e-005
1.543241e+003,6.066893e-003,2.644876e-005
1.543246e+003,6.142269e-003,2.603213e-005
1.543251e+003,6.102644e-003,2.682914e-005
1.543256e+003,6.064798e-003,2.601562e-005
1.543261e+003,6.070748e-003,2.628570e-005
1.543266e+003,6.151316e-003,2.626792e-005
1.543271e+003,6.119592e-003,2.638118e-005
1.543276e+003,6.051192e-003,2.652849e-005
1.543281e+003,6.068432e-003,2.584144e-005
1.543286e+003,6.124956e-003,2.691125e-005
1.543291e+003,6.057946e-003,2.558983e-005
1.543296e+003,6.054166e-003,2.675556e-005
1.543301e+003,6.150828e-003,2.695109e-005
1.543306e+003,6.077844e-003,2.681873e-005
1.543311e+003,6.036120e-003,2.693901e-005
1.543316e+003,6.044509e-003,2.709836e-005
1.543321e+003,6.070430e-003,2.695142e-005
1.543326e+003,6.038536e-003,2.687180e-005
1.543331e+003,6.038583e-003,2.645891e-005
1.543336e+003,6.094767e-003,2.609023e-005
1.543341e+003,6.071748e-003,2.653315e-005
1.543346e+003,6.028123e-003,2.619458e-005
1.543351e+003,6.115372e-003,2.643412e-005
1.543356e+003,6.082746e-003,2.633990e-005
1.543361e+003,6.044754e-003,2.638008e-005
1.543366e+003,6.020953e-003,2.607228e-005
1.543371e+003,6.115544e-003,2.624716e-005
1.543376e+003,5.981864e-003,2.605557e-005
1.543381e+003,5.973184e-003,2.562079e-005
1.543386e+003,5.952066e-003,2.598364e-005
1.543391e+003,5.979523e-003,2.595002e-005
1.543396e+003,5.931242e-003,2.564285e-005
1.543401e+003,6.018198e-003,2.549168e-005
1.543406e+003,5.934559e-003,2.554866e-005
