1.535000e+003 1.814000e-009
1.535006e+003 1.406000e-009
1.535012e+003 2.297000e-009
1.535018e+003 5.908000e-010
1.535024e+003 1.671000e-009
1.535030e+003 1.084000e-009
1.535036e+003 7.819000e-010
1.535042e+003 5.908000e-010
1.535048e+003 9.974001e-010
1.535054e+003 1.330000e-009
1.535060e+003 1.203000e-009
1.535066e+003 1.487000e-009
1.535072e+003 8.819000e-010
1.535078e+003 7.441000e-010
1.535084e+003 2.554000e-011
1.535090e+003 4.776000e-011
1.535096e+003 7.797000e-010
1.535102e+003 1.845000e-009
1.535108e+003 5.075000e-010
1.535114e+003 1.329000e-009
1.535120e+003 8.108000e-010
1.535126e+003 9.563000e-010
1.535132e+003 2.343000e-010
1.535138e+003 -5.919000e-010
1.535144e+003 4.143000e-010
1.535150e+003 1.339000e-009
1.535156e+003 1.573000e-009
1.535162e+003 1.622000e-009
1.535168e+003 6.665000e-010
1.535174e+003 -4.187000e-010
1.535180e+003 1.500000e-009
1.535186e+003 4.798000e-010
1.535192e+003 8.563000e-010
1.535198e+003 2.726000e-009
1.535204e+003 3.964000e-010
1.535210e+003 1.608000e-009
1.535216e+003 6.042000e-010
1.535222e+003 1.371000e-009
1.535228e+003 7.386000e-010
1.535234e+003 1.506000e-009
1.535240e+003 1.836000e-009
1.535246e+003 1.288000e-009
1.535251e+003 9.941000e-010
1.535257e+003 1.121000e-010
1.535263e+003 3.687000e-010
1.535269e+003 2.698000e-009
1.535275e+003 2.277000e-010
1.535281e+003 2.161000e-009
1.535287e+003 1.135000e-009
1.535293e+003 5.776000e-010
1.535299e+003 2.084000e-009
1.535305e+003 1.470000e-009
1.535311e+003 7.175000e-010
1.535317e+003 1.220000e-009
1.535323e+003 -1.055000e-010
1.535329e+003 5.064000e-010
1.535335e+003 2.665000e-010
1.535341e+003 1.634000e-009
1.535347e+003 1.275000e-009
1.535353e+003 2.998000e-011
1.535359e+003 1.722000e-009
1.535365e+003 4.597000e-010
1.535371e+003 1.230000e-009
1.535377e+003 2.008000e-009
1.535383e+003 1.008000e-009
1.535389e+003 8.552000e-011
1.535395e+003 8.819000e-010
1.535401e+003 1.060000e-009
1.535407e+003 1.621000e-009
1.535413e+003 1.750000e-009
1.535419e+003 1.379000e-009
1.535425e+003 2.807000e-009
1.535431e+003 9.997000e-012
1.535437e+003 1.297000e-009
1.535443e+003 2.036000e-009
1.535449e+003 6.665000e-010
1.535455e+003 1.737000e-009
1.535461e+003 1.985000e-009
1.535467e+003 1.147000e-009
1.535473e+003 3.710000e-010
1.535479e+003 5.731000e-010
1.535485e+003 1.039000e-009
1.535491e+003 6.509000e-010
1.535497e+003 1.711000e-009
1.535503e+003 2.520000e-010
1.535509e+003 8.575000e-010
1.535515e+003 1.251000e-009
1.535521e+003 1.332000e-009
1.535527e+003 7.497000e-010
1.535533e+003 8.997000e-010
1.535539e+003 7.253000e-010
1.535545e+003 7.775000e-010
1.535551e+003 1.710000e-009
1.535557e+003 6.442000e-011
1.535563e+003 8.319000e-010
1.535569e+003 1.700000e-009
1.535575e+003 -1.309000e-010
1.535581e+003 4.076000e-010
1.535587e+003 8.019000e-010
1.535593e+003 1.232000e-010
1.535599e+003 5.343000e-010
1.535605e+003 1.600000e-009
1.535611e+003 1.288000e-010
1.535617e+003 1.758000e-009
1.535623e+003 6.220000e-010
1.535629e+003 -9.508000e-010
1.535635e+003 1.048000e-009
1.535641e+003 4.742000e-010
1.535647e+003 6.420000e-010
1.535653e+003 2.006000e-009
1.535659e+003 1.894000e-009
1.535665e+003 1.845000e-009
1.535671e+003 2.177000e-010
1.535677e+003 -9.774000e-011
1.535683e+003 2.665000e-011
1.535689e+003 1.964000e-009
1.535695e+003 3.810000e-010
1.535701e+003 7.642000e-010
1.535707e+003 1.291000e-009
1.535713e+003 3.676000e-010
1.535719e+003 8.030000e-010
1.535725e+003 2.388000e-010
1.535731e+003 1.036000e-009
1.535737e+003 1.299000e-009
1.535743e+003 1.009000e-009
1.535749e+003 7.108000e-011
1.535754e+003 5.364000e-010
1.535760e+003 5.908000e-010
1.535766e+003 9.053000e-010
1.535772e+003 5.153000e-010
1.535778e+003 1.550000e-009
1.535784e+003 1.552000e-009
1.535790e+003 1.719000e-009
1.535796e+003 1.456000e-009
1.535802e+003 1.799000e-010
1.535808e+003 8.641000e-010
1.535814e+003 5.298000e-010
1.535820e+003 7.075000e-010
1.535826e+003 1.009000e-009
1.535832e+003 2.443000e-009
1.535838e+003 4.798000e-010
1.535844e+003 1.225000e-009
1.535850e+003 7.942000e-010
1.535856e+003 1.906000e-009
1.535862e+003 6.665000e-011
1.535868e+003 8.475000e-010
1.535874e+003 1.799000e-009
1.535880e+003 -1.632000e-010
1.535886e+003 -5.109000e-010
1.535892e+003 1.222000e-009
1.535898e+003 8.319000e-010
1.535904e+003 5.942000e-010
1.535910e+003 1.457000e-009
1.535916e+003 1.645000e-009
1.535922e+003 1.145000e-009
1.535928e+003 1.847000e-009
1.535934e+003 1.332000e-009
1.535940e+003 -1.998000e-011
1.535946e+003 2.431000e-010
1.535952e+003 1.414000e-009
1.535958e+003 4.709000e-010
1.535964e+003 -6.509000e-010
1.535970e+003 1.037000e-009
1.535976e+003 1.178000e-009
1.535982e+003 8.742000e-010
1.535988e+003 1.183000e-009
1.535994e+003 1.796000e-009
1.536000e+003 1.412000e-009
1.536006e+003 1.020000e-009
1.536012e+003 1.135000e-009
1.536018e+003 1.352000e-009
1.536024e+003 9.708000e-010
1.536030e+003 9.008000e-010
1.536036e+003 1.182000e-009
1.536042e+003 -1.110000e-010
1.536048e+003 1.230000e-009
1.536054e+003 9.686000e-010
1.536060e+003 5.742000e-010
1.536066e+003 2.465000e-010
1.536072e+003 1.037000e-009
1.536078e+003 5.198000e-010
1.536084e+003 1.632000e-010
1.536090e+003 5.409000e-010
1.536096e+003 4.653000e-010
1.536102e+003 5.442000e-010
1.536108e+003 1.284000e-009
1.536114e+003 1.338000e-009
1.536120e+003 6.164000e-010
1.536126e+003 -4.998000e-011
1.536132e+003 5.220000e-010
1.536138e+003 8.408000e-010
1.536144e+003 1.419000e-009
1.536150e+003 1.757000e-009
1.536156e+003 -1.687000e-010
1.536162e+003 1.145000e-009
1.536168e+003 9.053000e-010
1.536174e+003 1.996000e-009
1.536180e+003 2.073000e-009
1.536186e+003 1.799000e-009
1.536192e+003 8.897000e-010
1.536198e+003 4.665000e-011
1.536204e+003 6.031000e-010
1.536210e+003 7.564000e-010
1.536216e+003 7.264000e-010
1.536222e+003 5.042000e-010
1.536228e+003 3.388000e-010
1.536234e+003 4.665000e-011
1.536240e+003 1.021000e-010
1.536246e+003 3.842000e-010
1.536251e+003 1.007000e-009
1.536257e+003 1.354000e-009
1.536263e+003 1.603000e-009
1.536269e+003 4.076000e-010
1.536275e+003 1.004000e-009
1.536281e+003 1.185000e-009
1.536287e+003 1.695000e-009
1.536293e+003 5.642000e-010
1.536299e+003 2.084000e-009
1.536305e+003 1.930000e-009
1.536311e+003 5.064000e-010
1.536317e+003 -7.053000e-010
1.536323e+003 4.808000e-010
1.536329e+003 -1.643000e-010
1.536335e+003 1.027000e-009
1.536341e+003 4.554000e-011
1.536347e+003 8.064000e-010
1.536353e+003 5.853000e-010
1.536359e+003 1.499000e-010
1.536365e+003 1.828000e-009
1.536371e+003 6.275000e-010
1.536377e+003 1.975000e-009
1.536383e+003 4.198000e-010
1.536389e+003 2.554000e-010
1.536395e+003 6.053000e-010
1.536401e+003 9.430000e-010
1.536407e+003 9.597000e-010
1.536413e+003 1.139000e-009
1.536419e+003 1.104000e-009
1.536425e+003 1.403000e-009
1.536431e+003 4.032000e-010
1.536437e+003 1.414000e-009
1.536443e+003 1.363000e-009
1.536449e+003 1.105000e-009
1.536455e+003 2.976000e-010
1.536461e+003 1.227000e-009
1.536467e+003 9.275000e-010
1.536473e+003 7.464000e-010
1.536479e+003 1.535000e-009
1.536485e+003 1.326000e-009
1.536491e+003 9.597000e-010
1.536497e+003 8.708000e-010
1.536503e+003 6.320000e-010
1.536509e+003 -7.786000e-010
1.536515e+003 3.275000e-010
1.536521e+003 1.821000e-009
1.536527e+003 3.009000e-010
1.536533e+003 1.060000e-009
1.536539e+003 1.336000e-009
1.536545e+003 -4.375000e-010
1.536551e+003 1.518000e-009
1.536557e+003 5.486000e-010
1.536563e+003 8.930000e-010
1.536569e+003 1.341000e-009
1.536575e+003 -1.721000e-010
1.536581e+003 -3.232000e-010
1.536587e+003 1.353000e-009
1.536593e+003 6.253000e-010
1.536599e+003 1.280000e-009
1.536605e+003 2.078000e-009
1.536611e+003 4.949000e-010
1.536617e+003 -7.545000e-010
1.536623e+003 5.748000e-010
1.536629e+003 -2.363000e-010
1.536635e+003 -3.329000e-012
1.536641e+003 4.705000e-010
1.536647e+003 1.767000e-009
1.536653e+003 1.080000e-009
1.536659e+003 -4.439000e-012
1.536665e+003 9.943000e-010
1.536671e+003 9.100000e-011
1.536677e+003 2.237000e-009
1.536683e+003 2.294000e-009
1.536689e+003 8.145000e-010
1.536695e+003 4.804000e-010
1.536701e+003 2.640000e-010
1.536707e+003 1.372000e-009
1.536713e+003 1.018000e-009
1.536719e+003 1.100000e-009
1.536725e+003 4.838000e-010
1.536731e+003 1.070000e-009
1.536737e+003 8.911000e-010
1.536743e+003 8.056000e-010
1.536749e+003 1.453000e-010
1.536754e+003 1.571000e-009
1.536760e+003 -1.964000e-010
1.536766e+003 -6.902000e-010
1.536772e+003 1.925000e-009
1.536778e+003 2.652000e-010
1.536784e+003 1.401000e-009
1.536790e+003 1.253000e-009
1.536796e+003 8.367000e-010
1.536802e+003 2.784000e-010
1.536808e+003 8.434000e-010
1.536814e+003 -1.642000e-010
1.536820e+003 1.716000e-009
1.536826e+003 9.411000e-010
1.536832e+003 1.065000e-010
1.536838e+003 1.747000e-009
1.536844e+003 9.777000e-010
1.536850e+003 1.856000e-009
1.536856e+003 8.944000e-010
1.536862e+003 1.459000e-009
1.536868e+003 5.193000e-010
1.536874e+003 -1.235000e-009
1.536880e+003 2.346000e-009
1.536886e+003 6.658000e-011
1.536892e+003 -5.581000e-010
1.536898e+003 1.332000e-009
1.536904e+003 2.308000e-009
1.536910e+003 8.412000e-010
1.536916e+003 2.075000e-009
1.536922e+003 1.438000e-009
1.536928e+003 1.683000e-009
1.536934e+003 7.036000e-010
1.536940e+003 2.607000e-010
1.536946e+003 8.167000e-010
1.536952e+003 1.057000e-009
1.536958e+003 1.502000e-009
1.536964e+003 -8.023000e-010
1.536970e+003 1.560000e-009
1.536976e+003 8.245000e-010
1.536982e+003 8.023000e-010
1.536988e+003 1.760000e-009
1.536994e+003 1.442000e-011
1.537000e+003 1.764000e-009
1.537006e+003 1.662000e-009
1.537012e+003 1.079000e-009
1.537018e+003 3.417000e-010
1.537024e+003 2.313000e-009
1.537030e+003 1.475000e-009
1.537036e+003 5.326000e-011
1.537042e+003 9.854000e-010
1.537048e+003 1.078000e-009
1.537054e+003 8.356000e-010
1.537060e+003 1.065000e-010
1.537066e+003 -2.396000e-010
1.537072e+003 4.804000e-010
1.537078e+003 1.283000e-009
1.537084e+003 8.456000e-010
1.537090e+003 1.793000e-009
1.537096e+003 4.427000e-010
1.537102e+003 1.183000e-009
1.537108e+003 2.374000e-010
1.537114e+003 1.195000e-009
1.537120e+003 1.323000e-009
1.537126e+003 8.478000e-010
1.537132e+003 9.477000e-010
1.537138e+003 1.577000e-009
1.537144e+003 2.019000e-009
1.537150e+003 6.880000e-011
1.537156e+003 8.878000e-012
1.537162e+003 1.008000e-009
1.537168e+003 7.745000e-010
1.537174e+003 2.064000e-010
1.537180e+003 4.261000e-010
1.537186e+003 7.313000e-010
1.537192e+003 -5.549000e-012
1.537198e+003 8.389000e-010
1.537204e+003 3.728000e-010
1.537210e+003 5.093000e-010
1.537216e+003 5.881000e-010
1.537222e+003 9.211000e-011
1.537228e+003 7.768000e-011
1.537234e+003 1.938000e-009
1.537240e+003 4.882000e-010
1.537246e+003 1.718000e-009
1.537251e+003 -2.374000e-010
1.537257e+003 1.648000e-009
1.537263e+003 4.116000e-010
1.537269e+003 1.504000e-009
1.537275e+003 7.990000e-010
1.537281e+003 1.847000e-009
1.537287e+003 3.762000e-010
1.537293e+003 1.043000e-009
1.537299e+003 1.979000e-009
1.537305e+003 7.590000e-010
1.537311e+003 1.201000e-009
1.537317e+003 9.821000e-010
1.537323e+003 5.792000e-010
1.537329e+003 -3.184000e-010
1.537335e+003 9.499000e-010
1.537341e+003 2.317000e-009
1.537347e+003 1.388000e-009
1.537353e+003 3.018000e-010
1.537359e+003 9.699000e-010
1.537365e+003 1.109000e-011
1.537371e+003 7.679000e-010
1.537377e+003 1.721000e-009
1.537383e+003 8.378000e-010
1.537389e+003 7.313000e-010
1.537395e+003 7.047000e-010
1.537401e+003 -3.772000e-011
1.537407e+003 6.314000e-010
1.537413e+003 1.579000e-009
1.537419e+003 1.065000e-009
1.537425e+003 -1.376000e-010
1.537431e+003 3.174000e-010
1.537437e+003 1.764000e-009
1.537443e+003 8.822000e-010
1.537449e+003 6.348000e-010
1.537455e+003 8.123000e-010
1.537461e+003 1.054000e-010
1.537467e+003 1.855000e-009
1.537473e+003 4.893000e-010
1.537479e+003 9.899001e-010
1.537485e+003 2.302000e-009
1.537491e+003 7.601000e-010
1.537497e+003 1.155000e-009
1.537503e+003 1.127000e-009
1.537509e+003 1.197000e-009
1.537515e+003 2.056000e-009
1.537521e+003 -6.158000e-010
1.537527e+003 1.036000e-009
1.537533e+003 5.492000e-010
1.537539e+003 1.016000e-009
1.537545e+003 1.922000e-009
1.537551e+003 5.404000e-010
1.537557e+003 3.928000e-010
1.537563e+003 -1.367000e-009
1.537569e+003 3.262000e-010
1.537575e+003 1.569000e-009
1.537581e+003 1.777000e-009
1.537587e+003 1.344000e-009
1.537593e+003 7.413000e-010
1.537599e+003 9.000000e-010
1.537605e+003 4.882000e-011
1.537611e+003 1.023000e-009
1.537617e+003 8.201000e-010
1.537623e+003 2.230000e-009
1.537629e+003 6.369000e-010
1.537635e+003 1.969000e-009
1.537641e+003 1.996000e-009
1.537647e+003 -1.630000e-010
1.537653e+003 7.057000e-010
1.537659e+003 5.570000e-010
1.537665e+003 -9.876000e-011
1.537671e+003 7.601000e-010
1.537677e+003 8.067000e-010
1.537683e+003 9.921000e-010
1.537689e+003 1.276000e-009
1.537695e+003 4.327000e-010
1.537701e+003 1.365000e-009
1.537707e+003 5.038000e-010
1.537713e+003 1.571000e-009
1.537719e+003 9.777000e-010
1.537725e+003 1.630000e-009
1.537731e+003 -1.708000e-010
1.537737e+003 1.979000e-009
1.537743e+003 1.471000e-009
1.537749e+003 1.662000e-009
1.537754e+003 1.664000e-011
1.537760e+003 9.454000e-010
1.537766e+003 7.690000e-010
1.537772e+003 1.156000e-009
1.537778e+003 3.217000e-010
1.537784e+003 8.212000e-011
1.537790e+003 4.882000e-010
1.537796e+003 1.779000e-009
1.537802e+003 8.267000e-010
1.537808e+003 -1.331000e-011
1.537814e+003 1.015000e-009
1.537820e+003 1.858000e-009
1.537826e+003 1.196000e-009
1.537832e+003 3.472000e-010
1.537838e+003 2.008000e-010
1.537844e+003 -1.142000e-010
1.537850e+003 2.590000e-009
1.537856e+003 2.256000e-009
1.537862e+003 2.106000e-009
1.537868e+003 1.032000e-009
1.537874e+003 -1.775000e-010
1.537880e+003 2.851000e-010
1.537886e+003 1.137000e-009
1.537892e+003 8.900000e-010
1.537898e+003 4.505000e-010
1.537904e+003 1.667000e-009
1.537910e+003 1.744000e-009
1.537916e+003 7.268000e-010
1.537922e+003 8.323000e-011
1.537928e+003 5.370000e-010
1.537934e+003 -2.541000e-010
1.537940e+003 5.204000e-010
1.537946e+003 -1.587000e-010
1.537952e+003 1.301000e-009
1.537958e+003 1.097000e-009
1.537964e+003 -8.655000e-011
1.537970e+003 7.324000e-010
1.537976e+003 2.552000e-010
1.537982e+003 2.816000e-009
1.537988e+003 1.551000e-009
1.537994e+003 -1.045000e-009
