1.540000e+003 -1.548000e-009
1.540006e+003 -1.315000e-009
1.540012e+003 -1.987000e-009
1.540018e+003 1.156000e-009
1.540024e+003 -9.709999e-010
1.540030e+003 -6.270000e-010
1.540036e+003 -6.300000e-010
1.540042e+003 -2.200000e-010
1.540048e+003 -3.488000e-009
1.540054e+003 -1.712000e-009
1.540060e+003 4.640000e-010
1.540066e+003 -2.599000e-009
1.540072e+003 -1.838000e-009
1.540078e+003 3.100000e-010
1.540084e+003 1.188000e-009
1.540090e+003 -7.644000e-010
1.540096e+003 -1.146000e-009
1.540102e+003 1.542000e-009
1.540108e+003 -1.983000e-009
1.540114e+003 -2.132000e-009
1.540120e+003 -1.110000e-010
1.540126e+003 3.150000e-009
1.540132e+003 -1.028000e-009
1.540138e+003 3.930000e-010
1.540144e+003 7.510000e-010
1.540150e+003 -8.120000e-010
1.540156e+003 -1.001000e-009
1.540162e+003 -9.430000e-010
1.540168e+003 -9.310000e-010
1.540174e+003 1.713000e-009
1.540180e+003 3.163000e-009
1.540186e+003 -5.290000e-010
1.540192e+003 -2.202000e-009
1.540198e+003 1.458000e-009
1.540204e+003 -8.730000e-010
1.540210e+003 -1.789000e-009
1.540216e+003 -9.609999e-010
1.540222e+003 1.739000e-009
1.540228e+003 5.910000e-010
1.540234e+003 -1.077000e-009
1.540240e+003 1.730000e-009
1.540246e+003 1.219000e-009
1.540251e+003 -1.736000e-009
1.540257e+003 -2.039000e-009
1.540263e+003 -1.791000e-009
1.540269e+003 -6.850000e-010
1.540275e+003 -1.870000e-010
1.540281e+003 5.600000e-011
1.540287e+003 9.490000e-010
1.540293e+003 1.054000e-009
1.540299e+003 -2.911000e-009
1.540305e+003 1.700000e-011
1.540311e+003 -1.446000e-009
1.540317e+003 -1.426000e-009
1.540323e+003 -1.640000e-009
1.540329e+003 9.780000e-010
1.540335e+003 -2.195000e-009
1.540341e+003 5.280000e-010
1.540347e+003 -1.785000e-009
1.540353e+003 -2.327000e-009
1.540359e+003 1.560000e-010
1.540365e+003 -1.175000e-009
1.540371e+003 1.410000e-010
1.540377e+003 8.554000e-010
1.540383e+003 1.834000e-009
1.540389e+003 -1.250000e-010
1.540395e+003 5.750000e-010
1.540401e+003 -7.590000e-010
1.540407e+003 1.295000e-009
1.540413e+003 2.970000e-010
1.540419e+003 -2.855000e-009
1.540425e+003 -1.098000e-009
1.540431e+003 2.427000e-009
1.540437e+003 1.910000e-009
1.540443e+003 1.268000e-009
1.540449e+003 -6.710000e-010
1.540455e+003 1.650000e-009
1.540461e+003 -6.710000e-010
1.540467e+003 -8.180000e-010
1.540473e+003 -4.600000e-010
1.540479e+003 -1.000000e-012
1.540485e+003 6.220000e-010
1.540491e+003 6.332000e-010
1.540497e+003 -1.335000e-009
1.540503e+003 -1.486000e-009
1.540509e+003 4.340000e-010
1.540515e+003 -1.632000e-009
1.540521e+003 1.186000e-009
1.540527e+003 -2.940000e-010
1.540533e+003 -3.545000e-009
1.540539e+003 2.730000e-009
1.540545e+003 -9.220000e-010
1.540551e+003 -7.800000e-011
1.540557e+003 1.690000e-009
1.540563e+003 3.463000e-009
1.540569e+003 1.121000e-009
1.540575e+003 -3.101000e-009
1.540581e+003 -1.759000e-009
1.540587e+003 1.952000e-009
1.540593e+003 1.997000e-009
1.540599e+003 2.509000e-009
1.540605e+003 -3.247000e-009
1.540611e+003 -1.447000e-009
1.540617e+003 1.920000e-010
1.540623e+003 -5.029000e-010
1.540629e+003 1.038000e-009
1.540635e+003 4.220000e-010
1.540641e+003 -2.417000e-009
1.540647e+003 3.380000e-010
1.540653e+003 -1.530000e-009
1.540659e+003 -4.530000e-010
1.540665e+003 3.300000e-009
1.540671e+003 7.540000e-010
1.540677e+003 1.800000e-010
1.540683e+003 2.440000e-010
1.540689e+003 -7.340000e-010
1.540695e+003 6.450000e-010
1.540701e+003 -8.310000e-010
1.540707e+003 4.420000e-010
1.540713e+003 -1.939000e-009
1.540719e+003 1.744000e-009
1.540725e+003 -1.275000e-009
1.540731e+003 -1.612000e-009
1.540737e+003 3.350000e-010
1.540743e+003 -1.701000e-009
1.540749e+003 -2.300000e-011
1.540754e+003 -3.748000e-009
1.540760e+003 6.000000e-012
1.540766e+003 1.147000e-009
1.540772e+003 1.245000e-009
1.540778e+003 3.500000e-010
1.540784e+003 1.327000e-009
1.540790e+003 -1.139000e-009
1.540796e+003 3.089000e-009
1.540802e+003 -5.920000e-010
1.540808e+003 4.530000e-010
1.540814e+003 3.204000e-009
1.540820e+003 -7.600000e-010
1.540826e+003 -8.150000e-010
1.540832e+003 -1.754000e-009
1.540838e+003 5.950000e-010
1.540844e+003 8.410000e-010
1.540850e+003 -8.510000e-010
1.540856e+003 -1.880000e-009
1.540862e+003 -2.028000e-009
1.540868e+003 5.710000e-010
1.540874e+003 -1.500000e-010
1.540880e+003 -4.700000e-011
1.540886e+003 2.170000e-009
1.540892e+003 2.673000e-009
1.540898e+003 2.652000e-009
1.540904e+003 -1.444000e-009
1.540910e+003 9.050000e-010
1.540916e+003 -5.310000e-010
1.540922e+003 2.137000e-010
1.540928e+003 1.784000e-009
1.540934e+003 -1.760000e-009
1.540940e+003 -2.025000e-009
1.540946e+003 1.065000e-009
1.540952e+003 -5.303000e-009
1.540958e+003 6.190000e-010
1.540964e+003 -1.091000e-009
1.540970e+003 -1.922000e-009
1.540976e+003 3.386000e-009
1.540982e+003 -3.530000e-009
1.540988e+003 -1.562000e-009
1.540994e+003 -1.923000e-009
1.541000e+003 1.740000e-009
1.541006e+003 -2.000000e-012
1.541012e+003 -5.300000e-010
1.541018e+003 -2.950000e-010
1.541024e+003 -5.360000e-010
1.541030e+003 -1.683000e-009
1.541036e+003 1.111000e-009
1.541042e+003 1.101000e-009
1.541048e+003 -8.754000e-010
1.541054e+003 1.845000e-009
1.541060e+003 -2.110000e-010
1.541066e+003 -6.060000e-010
1.541072e+003 -2.150000e-010
1.541078e+003 -1.076000e-009
1.541084e+003 2.567000e-009
1.541090e+003 7.040000e-010
1.541096e+003 2.528000e-009
1.541102e+003 -2.463000e-009
1.541108e+003 -1.273000e-009
1.541114e+003 -4.730000e-010
1.541120e+003 1.169000e-009
1.541126e+003 1.058000e-009
1.541132e+003 2.130000e-009
1.541138e+003 1.222000e-009
1.541144e+003 -1.611000e-009
1.541150e+003 1.794000e-009
1.541156e+003 1.694000e-009
1.541162e+003 -1.538000e-009
1.541168e+003 -4.902000e-009
1.541174e+003 1.990000e-010
1.541180e+003 5.960000e-010
1.541186e+003 1.658000e-009
1.541192e+003 -2.790000e-010
1.541198e+003 -2.250000e-010
1.541204e+003 2.489000e-009
1.541210e+003 1.624000e-009
1.541216e+003 1.257000e-009
1.541222e+003 -2.760000e-010
1.541228e+003 -7.030000e-010
1.541234e+003 -2.489000e-009
1.541240e+003 3.072000e-009
1.541246e+003 3.400000e-011
1.541251e+003 2.310000e-010
1.541257e+003 9.609999e-010
1.541263e+003 -5.700000e-010
1.541269e+003 1.848000e-009
1.541275e+003 2.593000e-009
1.541281e+003 -8.000000e-011
1.541287e+003 2.659000e-009
1.541293e+003 1.360000e-009
1.541299e+003 -7.460000e-010
1.541305e+003 2.560000e-010
1.541311e+003 -1.703000e-009
1.541317e+003 -1.204000e-009
1.541323e+003 4.482000e-009
1.541329e+003 1.477000e-009
1.541335e+003 9.260000e-010
1.541341e+003 -7.750000e-010
1.541347e+003 1.265000e-009
1.541353e+003 -8.300000e-010
1.541359e+003 1.470000e-010
1.541365e+003 1.218000e-009
1.541371e+003 -1.173000e-009
1.541377e+003 -6.410000e-010
1.541383e+003 8.720000e-010
1.541389e+003 -2.099000e-009
1.541395e+003 1.577000e-010
1.541401e+003 3.545000e-009
1.541407e+003 1.338000e-009
1.541413e+003 -1.175000e-009
1.541419e+003 1.975000e-009
1.541425e+003 -3.147000e-009
1.541431e+003 -4.890000e-010
1.541437e+003 2.258000e-009
1.541443e+003 -3.650000e-010
1.541449e+003 -1.297000e-009
1.541455e+003 -4.650000e-010
1.541461e+003 -8.780000e-010
1.541467e+003 -2.960000e-010
1.541473e+003 7.000000e-011
1.541479e+003 -5.790000e-010
1.541485e+003 2.670000e-009
1.541491e+003 -2.027000e-009
1.541497e+003 3.182000e-009
1.541503e+003 1.508000e-009
1.541509e+003 1.334000e-009
1.541515e+003 -1.781000e-009
1.541521e+003 -2.640000e-010
1.541527e+003 4.293000e-009
1.541533e+003 -1.169000e-009
1.541539e+003 1.251000e-009
1.541545e+003 6.040000e-010
1.541551e+003 -6.880000e-010
1.541557e+003 -8.800000e-011
1.541563e+003 6.310000e-010
1.541569e+003 1.298000e-009
1.541575e+003 -1.870000e-010
1.541581e+003 1.476000e-009
1.541587e+003 1.531000e-009
1.541593e+003 3.300000e-011
1.541599e+003 -4.380000e-011
1.541605e+003 -1.533000e-009
1.541611e+003 3.360000e-010
1.541617e+003 -1.130000e-009
1.541623e+003 -5.130000e-010
1.541629e+003 3.970000e-010
1.541635e+003 -7.780000e-010
1.541641e+003 2.209000e-009
1.541647e+003 -2.280000e-010
1.541653e+003 -1.065000e-009
1.541659e+003 1.044000e-009
1.541665e+003 1.756000e-009
1.541671e+003 7.190000e-010
1.541677e+003 -1.773000e-009
1.541683e+003 -2.000000e-010
1.541689e+003 7.000000e-010
1.541695e+003 -1.610000e-009
1.541701e+003 1.161000e-009
1.541707e+003 -3.890000e-010
1.541713e+003 7.600000e-010
1.541719e+003 3.930000e-010
1.541725e+003 3.867000e-009
1.541731e+003 -1.650000e-010
1.541737e+003 3.800000e-009
1.541743e+003 -2.987000e-009
1.541749e+003 1.807000e-009
1.541754e+003 2.681000e-009
1.541760e+003 1.500000e-010
1.541766e+003 1.350000e-010
1.541772e+003 3.014000e-010
1.541778e+003 -2.462000e-009
1.541784e+003 1.161000e-009
1.541790e+003 -1.206000e-009
1.541796e+003 3.500000e-011
1.541802e+003 1.439000e-009
1.541808e+003 -2.122000e-009
1.541814e+003 1.613000e-009
1.541820e+003 7.020000e-010
1.541826e+003 -2.148000e-009
1.541832e+003 -8.170000e-010
1.541838e+003 -1.041000e-009
1.541844e+003 -1.493000e-009
1.541850e+003 8.800000e-010
1.541856e+003 1.103000e-009
1.541862e+003 5.550000e-010
1.541868e+003 2.320000e-009
1.541874e+003 -3.940000e-010
1.541880e+003 1.340000e-010
1.541886e+003 -1.830000e-009
1.541892e+003 -1.200000e-011
1.541898e+003 -3.110000e-010
1.541904e+003 1.452000e-009
1.541910e+003 1.238000e-010
1.541916e+003 -2.230000e-009
1.541922e+003 -4.440000e-010
1.541928e+003 -1.472000e-009
1.541934e+003 -2.050000e-010
1.541940e+003 1.412000e-009
1.541946e+003 -3.280000e-009
1.541952e+003 -1.166000e-009
1.541958e+003 1.675000e-009
1.541964e+003 1.145000e-009
1.541970e+003 -9.659999e-010
1.541976e+003 2.080000e-010
1.541982e+003 2.781000e-009
1.541988e+003 -1.244000e-009
1.541994e+003 -2.393000e-009
1.542000e+003 -2.430000e-010
1.542006e+003 1.394000e-009
1.542012e+003 2.360000e-010
1.542018e+003 1.623000e-009
1.542024e+003 3.910000e-010
1.542030e+003 -5.270000e-010
1.542036e+003 -8.960000e-010
1.542042e+003 1.740000e-009
1.542048e+003 -9.890000e-010
1.542054e+003 -2.540000e-010
1.542060e+003 5.040000e-010
1.542066e+003 1.978000e-009
1.542072e+003 -2.000000e-010
1.542078e+003 -1.773000e-009
1.542084e+003 6.970000e-010
1.542090e+003 -1.059000e-009
1.542096e+003 1.201000e-009
1.542102e+003 2.150000e-009
1.542108e+003 -1.533000e-009
1.542114e+003 -2.439000e-009
1.542120e+003 1.780000e-009
1.542126e+003 -4.100000e-011
1.542132e+003 -9.337000e-010
1.542138e+003 2.349000e-009
1.542144e+003 -3.686000e-009
1.542150e+003 1.630000e-009
1.542156e+003 -2.980000e-010
1.542162e+003 -1.510000e-009
1.542168e+003 -1.872000e-009
1.542174e+003 8.800000e-010
1.542180e+003 3.799000e-009
1.542186e+003 1.456000e-009
1.542192e+003 1.675000e-009
1.542198e+003 1.788000e-009
1.542204e+003 -2.920000e-009
1.542210e+003 1.826000e-009
1.542216e+003 4.930000e-010
1.542222e+003 -1.405000e-009
1.542228e+003 2.910000e-009
1.542234e+003 -2.089000e-009
1.542240e+003 -4.559000e-009
1.542246e+003 -2.893000e-009
1.542251e+003 -8.256000e-010
1.542257e+003 2.200000e-011
1.542263e+003 3.500000e-011
1.542269e+003 3.446000e-009
1.542275e+003 -3.280000e-010
1.542281e+003 1.536000e-009
1.542287e+003 1.603000e-009
1.542293e+003 -1.431000e-009
1.542299e+003 1.769000e-009
1.542305e+003 2.300000e-011
1.542311e+003 -3.863000e-009
1.542317e+003 7.260000e-010
1.542323e+003 9.110000e-010
1.542329e+003 -1.352000e-009
1.542335e+003 1.292000e-009
1.542341e+003 1.472000e-009
1.542347e+003 1.165000e-009
1.542353e+003 1.384000e-009
1.542359e+003 -9.950000e-010
1.542365e+003 9.740000e-010
1.542371e+003 -1.524000e-009
1.542377e+003 -3.560000e-010
1.542383e+003 -2.880000e-010
1.542389e+003 2.366000e-009
1.542395e+003 8.650000e-010
1.542401e+003 2.043000e-009
1.542407e+003 8.790000e-010
1.542413e+003 3.379000e-009
1.542419e+003 -1.250000e-010
1.542425e+003 -1.262000e-009
1.542431e+003 1.020000e-010
1.542437e+003 2.317000e-009
1.542443e+003 -1.701000e-009
1.542449e+003 -4.270000e-010
1.542455e+003 -1.706000e-009
1.542461e+003 -1.218000e-009
1.542467e+003 -3.746000e-010
1.542473e+003 1.170000e-009
1.542479e+003 -4.400000e-010
1.542485e+003 9.520000e-010
1.542491e+003 1.367000e-009
1.542497e+003 8.770000e-010
1.542503e+003 2.670000e-009
1.542509e+003 -1.095000e-009
1.542515e+003 1.663000e-009
1.542521e+003 -1.761000e-009
1.542527e+003 -2.349000e-009
1.542533e+003 -5.720000e-010
1.542539e+003 2.424000e-009
1.542545e+003 -1.557000e-009
1.542551e+003 -3.930000e-010
1.542557e+003 -2.064000e-009
1.542563e+003 9.020000e-010
1.542569e+003 -3.370000e-010
1.542575e+003 -2.215000e-009
1.542581e+003 2.034000e-009
1.542587e+003 -1.253000e-009
1.542593e+003 1.089000e-009
1.542599e+003 2.980000e-010
1.542605e+003 -1.502000e-009
1.542611e+003 -4.590000e-010
1.542617e+003 -5.650000e-010
1.542623e+003 1.483000e-009
1.542629e+003 -2.239000e-009
1.542635e+003 1.447000e-009
1.542641e+003 -1.183000e-009
1.542647e+003 9.976000e-010
1.542653e+003 1.590000e-009
1.542659e+003 2.300000e-009
1.542665e+003 2.819000e-009
1.542671e+003 -2.560000e-010
1.542677e+003 6.627000e-010
1.542683e+003 -1.148000e-009
1.542689e+003 -2.130000e-010
1.542695e+003 2.761000e-009
1.542701e+003 1.268000e-009
1.542707e+003 1.266000e-009
1.542713e+003 -1.180000e-010
1.542719e+003 -1.596000e-009
1.542725e+003 3.291000e-009
1.542731e+003 8.060000e-010
1.542737e+003 3.198000e-009
1.542743e+003 7.260000e-010
1.542749e+003 5.320000e-010
1.542754e+003 2.110000e-009
1.542760e+003 -2.404000e-009
1.542766e+003 6.400000e-010
1.542772e+003 -1.258000e-009
1.542778e+003 -2.007000e-009
1.542784e+003 1.017000e-010
1.542790e+003 1.908000e-009
1.542796e+003 -1.330000e-010
1.542802e+003 8.560000e-010
1.542808e+003 -1.170000e-009
1.542814e+003 -2.020000e-010
1.542820e+003 -1.706000e-009
1.542826e+003 -3.110000e-010
1.542832e+003 2.600000e-011
1.542838e+003 1.033000e-009
1.542844e+003 -5.490000e-010
1.542850e+003 -5.620000e-010
1.542856e+003 -1.352000e-009
1.542862e+003 -7.540000e-010
1.542868e+003 4.700000e-011
1.542874e+003 -1.453000e-009
1.542880e+003 2.945000e-009
1.542886e+003 1.935000e-009
1.542892e+003 7.460000e-010
1.542898e+003 1.832000e-009
1.542904e+003 3.174000e-009
1.542910e+003 -3.060000e-010
1.542916e+003 8.140000e-010
1.542922e+003 -8.200000e-010
1.542928e+003 -9.770000e-010
1.542934e+003 3.270000e-010
1.542940e+003 3.598000e-009
1.542946e+003 5.640000e-010
1.542952e+003 2.330000e-010
1.542958e+003 4.930000e-010
1.542964e+003 1.836000e-009
1.542970e+003 2.357000e-009
1.542976e+003 6.420000e-010
1.542982e+003 6.260000e-010
1.542988e+003 1.807000e-009
1.542994e+003 2.133000e-009
