1.540000e+003
1.540006e+003
1.540012e+003
1.540018e+003
1.540024e+003
1.540030e+003
1.540036e+003
1.540042e+003
1.540048e+003
1.540054e+003
1.540060e+003
1.540066e+003
1.540072e+003
1.540078e+003
1.540084e+003
1.540090e+003
1.540096e+003
1.540102e+003
1.540108e+003
1.540114e+003
1.540120e+003
1.540126e+003
1.540132e+003
1.540138e+003
1.540144e+003
1.540150e+003
1.540156e+003
1.540162e+003
1.540168e+003
1.540174e+003
1.540180e+003
1.540186e+003
1.540192e+003
1.540198e+003
1.540204e+003
1.540210e+003
1.540216e+003
1.540222e+003
1.540228e+003
1.540234e+003
1.540240e+003
1.540246e+003
1.540252e+003
1.540258e+003
1.540264e+003
1.540270e+003
1.540276e+003
1.540282e+003
1.540288e+003
1.540294e+003
1.540300e+003
1.540306e+003
1.540312e+003
1.540318e+003
1.540324e+003
1.540330e+003
1.540336e+003
1.540342e+003
1.540348e+003
1.540354e+003
1.540360e+003
1.540366e+003
1.540372e+003
1.540378e+003
1.540384e+003
1.540390e+003
1.540396e+003
1.540402e+003
1.540408e+003
1.540414e+003
1.540420e+003
1.540426e+003
1.540432e+003
1.540438e+003
1.540444e+003
1.540450e+003
1.540456e+003
1.540462e+003
1.540468e+003
1.540474e+003
1.540480e+003
1.540486e+003
1.540492e+003
1.540498e+003
1.540504e+003
1.540510e+003
1.540516e+003
1.540522e+003
1.540528e+003
1.540534e+003
1.540540e+003
1.540546e+003
1.540552e+003
1.540558e+003
1.540564e+003
1.540570e+003
1.540576e+003
1.540582e+003
1.540588e+003
1.540594e+003
1.540600e+003
1.540606e+003
1.540612e+003
1.540618e+003
1.540624e+003
1.540630e+003
1.540636e+003
1.540642e+003
1.540648e+003
1.540654e+003
1.540660e+003
1.540666e+003
1.540672e+003
1.540678e+003
1.540684e+003
1.540690e+003
1.540696e+003
1.540702e+003
1.540708e+003
1.540714e+003
1.540720e+003
1.540726e+003
1.540732e+003
1.540738e+003
1.540744e+003
1.540750e+003
1.540756e+003
1.540762e+003
1.540768e+003
1.540774e+003
1.540780e+003
1.540786e+003
1.540792e+003
1.540798e+003
1.540804e+003
1.540810e+003
1.540816e+003
1.540822e+003
1.540828e+003
1.540834e+003
1.540840e+003
1.540846e+003
1.540852e+003
1.540858e+003
1.540864e+003
1.540870e+003
1.540876e+003
1.540882e+003
1.540888e+003
1.540894e+003
1.540900e+003
1.540906e+003
1.540912e+003
1.540918e+003
1.540924e+003
1.540930e+003
1.540936e+003
1.540942e+003
1.540948e+003
1.540954e+003
1.540960e+003
1.540966e+003
1.540972e+003
1.540978e+003
1.540984e+003
1.540990e+003
1.540996e+003
1.541002e+003
1.541008e+003
1.541014e+003
1.541020e+003
1.541026e+003
1.541032e+003
1.541038e+003
1.541044e+003
1.541050e+003
1.541056e+003
1.541062e+003
1.541068e+003
1.541074e+003
1.541080e+003
1.541086e+003
1.541092e+003
1.541098e+003
1.541104e+003
1.541110e+003
1.541116e+003
1.541122e+003
1.541128e+003
1.541134e+003
1.541140e+003
1.541146e+003
1.541152e+003
1.541158e+003
1.541164e+003
1.541170e+003
1.541176e+003
1.541182e+003
1.541188e+003
1.541194e+003
1.541200e+003
1.541206e+003
1.541212e+003
1.541218e+003
1.541224e+003
1.541230e+003
1.541236e+003
1.541242e+003
1.541248e+003
1.541254e+003
1.541260e+003
1.541266e+003
1.541272e+003
1.541278e+003
1.541284e+003
1.541290e+003
1.541296e+003
1.541302e+003
1.541308e+003
1.541314e+003
1.541320e+003
1.541326e+003
1.541332e+003
1.541338e+003
1.541344e+003
1.541350e+003
1.541356e+003
1.541362e+003
1.541368e+003
1.541374e+003
1.541380e+003
1.541386e+003
1.541392e+003
1.541398e+003
1.541404e+003
1.541410e+003
1.541416e+003
1.541422e+003
1.541428e+003
1.541434e+003
1.541440e+003
1.541446e+003
1.541452e+003
1.541458e+003
1.541464e+003
1.541470e+003
1.541476e+003
1.541482e+003
1.541488e+003
1.541494e+003
1.541500e+003
1.541506e+003
1.541512e+003
1.541518e+003
1.541524e+003
1.541530e+003
1.541536e+003
1.541542e+003
1.541548e+003
1.541554e+003
1.541560e+003
1.541566e+003
1.541572e+003
1.541578e+003
1.541584e+003
1.541590e+003
1.541596e+003
1.541602e+003
1.541608e+003
1.541614e+003
1.541620e+003
1.541626e+003
1.541632e+003
1.541638e+003
1.541644e+003
1.541650e+003
1.541656e+003
1.541662e+003
1.541668e+003
1.541674e+003
1.541680e+003
1.541686e+003
1.541692e+003
1.541698e+003
1.541704e+003
1.541710e+003
1.541716e+003
1.541722e+003
1.541728e+003
1.541734e+003
1.541740e+003
1.541746e+003
1.541752e+003
1.541758e+003
1.541764e+003
1.541770e+003
1.541776e+003
1.541782e+003
1.541788e+003
1.541794e+003
1.541800e+003
1.541806e+003
1.541812e+003
1.541818e+003
1.541824e+003
1.541830e+003
1.541836e+003
1.541842e+003
1.541848e+003
1.541854e+003
1.541860e+003
1.541866e+003
1.541872e+003
1.541878e+003
1.541884e+003
1.541890e+003
1.541896e+003
1.541902e+003
1.541908e+003
1.541914e+003
1.541920e+003
1.541926e+003
1.541932e+003
1.541938e+003
1.541944e+003
1.541950e+003
1.541956e+003
1.541962e+003
1.541968e+003
1.541974e+003
1.541980e+003
1.541986e+003
1.541992e+003
1.541998e+003
1.542004e+003
1.542010e+003
1.542016e+003
1.542022e+003
1.542028e+003
1.542034e+003
1.542040e+003
1.542046e+003
1.542052e+003
1.542058e+003
1.542064e+003
1.542070e+003
1.542076e+003
1.542082e+003
1.542088e+003
1.542094e+003
1.542100e+003
1.542106e+003
1.542112e+003
1.542118e+003
1.542124e+003
1.542130e+003
1.542136e+003
1.542142e+003
1.542148e+003
1.542154e+003
1.542160e+003
1.542166e+003
1.542172e+003
1.542178e+003
1.542184e+003
1.542190e+003
1.542196e+003
1.542202e+003
1.542208e+003
1.542214e+003
1.542220e+003
1.542226e+003
1.542232e+003
1.542238e+003
1.542244e+003
1.542250e+003
1.542256e+003
1.542262e+003
1.542268e+003
1.542274e+003
1.542280e+003
1.542286e+003
1.542292e+003
1.542298e+003
1.542304e+003
1.542310e+003
1.542316e+003
1.542322e+003
1.542328e+003
1.542334e+003
1.542340e+003
1.542346e+003
1.542352e+003
1.542358e+003
1.542364e+003
1.542370e+003
1.542376e+003
1.542382e+003
1.542388e+003
1.542394e+003
1.542400e+003
1.542406e+003
1.542412e+003
1.542418e+003
1.542424e+003
1.542430e+003
1.542436e+003
1.542442e+003
1.542448e+003
1.542454e+003
1.542460e+003
1.542466e+003
1.542472e+003
1.542478e+003
1.542484e+003
1.542490e+003
1.542496e+003
1.542502e+003
1.542508e+003
1.542514e+003
1.542520e+003
1.542526e+003
1.542532e+003
1.542538e+003
1.542544e+003
1.542550e+003
1.542556e+003
1.542562e+003
1.542568e+003
1.542574e+003
1.542580e+003
1.542586e+003
1.542592e+003
1.542598e+003
1.542604e+003
1.542610e+003
1.542616e+003
1.542622e+003
1.542628e+003
1.542634e+003
1.542640e+003
1.542646e+003
1.542652e+003
1.542658e+003
1.542664e+003
1.542670e+003
1.542676e+003
1.542682e+003
1.542688e+003
1.542694e+003
1.542700e+003
1.542706e+003
1.542712e+003
1.542718e+003
1.542724e+003
1.542730e+003
1.542736e+003
1.542742e+003
1.542748e+003
1.542754e+003
1.542760e+003
1.542766e+003
1.542772e+003
1.542778e+003
1.542784e+003
1.542790e+003
1.542796e+003
1.542802e+003
1.542808e+003
1.542814e+003
1.542820e+003
1.542826e+003
1.542832e+003
1.542838e+003
1.542844e+003
1.542850e+003
1.542856e+003
1.542862e+003
1.542868e+003
1.542874e+003
1.542880e+003
1.542886e+003
1.542892e+003
1.542898e+003
1.542904e+003
1.542910e+003
1.542916e+003
1.542922e+003
1.542928e+003
1.542934e+003
1.542940e+003
1.542946e+003
1.542952e+003
1.542958e+003
1.542964e+003
1.542970e+003
1.542976e+003
1.542982e+003
1.542988e+003
1.542994e+003
1.543000e+003
