C17
1.53220 0.0172649 0.9594575 0.98616486 4.14229231 29247.1449047
1.53220 0.0188644 0.9817851 0.94220175 4.14229274 20764.2483544
1.53531 0.0195373 0.9664515 0.98951967 4.14261185 36157.2627601
1.53847 0.0195391 0.9571795 0.98663569 4.14305000 28166.1392167
1.53847 0.0199870 0.9528444 0.98507042 4.14304706 25441.7699239
1.54159 0.0184754 0.9527294 0.97828736 4.13530033 22811.0179082
1.54475 0.0169400 0.9884935 0.96256311 4.13563809 32218.8551363
1.54475 0.0174853 0.9604213 0.98699858 4.13563750 29964.6228412
1.54793 0.0162402 0.9845576 0.94578474 4.13605125 22426.4410869
1.55111 0.0113844 0.9857536 0.94657419 4.13642385 23044.4029535
1.55748 0.0077130 0.9866464 0.94911124 4.13703446 24205.5047697


B32
1.53962 0.00568896 0.96397950 0.92695430 4.13810432 14293.2223115
1.54274 0.00517743 0.96629876 0.92633906 4.13838838 14489.2049123

C21
1.54154 8.58673205e-05 9.86565504e-01 9.75776161e-01 4.14042663e+00 46239.1151711
1.54468 1.00516214e-04 9.72109069e-01 9.82248274e-01 4.14144418e+00 38013.0383239
1.54789 1.05493495e-04 9.11295115e-01 9.73735451e-01 4.14256070e+00 14668.7335544
