1.547000e+003
1.547005e+003
1.547010e+003
1.547015e+003
1.547020e+003
1.547025e+003
1.547030e+003
1.547035e+003
1.547040e+003
1.547045e+003
1.547050e+003
1.547055e+003
1.547060e+003
1.547065e+003
1.547070e+003
1.547075e+003
1.547080e+003
1.547085e+003
1.547090e+003
1.547095e+003
1.547100e+003
1.547105e+003
1.547110e+003
1.547115e+003
1.547120e+003
1.547125e+003
1.547130e+003
1.547135e+003
1.547140e+003
1.547145e+003
1.547150e+003
1.547155e+003
1.547160e+003
1.547165e+003
1.547170e+003
1.547175e+003
1.547180e+003
1.547185e+003
1.547190e+003
1.547195e+003
1.547200e+003
1.547205e+003
1.547210e+003
1.547215e+003
1.547220e+003
1.547225e+003
1.547230e+003
1.547235e+003
1.547240e+003
1.547245e+003
1.547250e+003
1.547255e+003
1.547260e+003
1.547265e+003
1.547270e+003
1.547275e+003
1.547280e+003
1.547285e+003
1.547290e+003
1.547295e+003
1.547300e+003
1.547305e+003
1.547310e+003
1.547315e+003
1.547320e+003
1.547325e+003
1.547330e+003
1.547335e+003
1.547340e+003
1.547345e+003
1.547350e+003
1.547355e+003
1.547360e+003
1.547365e+003
1.547370e+003
1.547375e+003
1.547380e+003
1.547385e+003
1.547390e+003
1.547395e+003
1.547400e+003
1.547405e+003
1.547410e+003
1.547415e+003
1.547420e+003
1.547425e+003
1.547430e+003
1.547435e+003
1.547440e+003
1.547445e+003
1.547450e+003
1.547455e+003
1.547460e+003
1.547465e+003
1.547470e+003
1.547475e+003
1.547480e+003
1.547485e+003
1.547490e+003
1.547495e+003
1.547500e+003
1.547505e+003
1.547510e+003
1.547516e+003
1.547521e+003
1.547526e+003
1.547531e+003
1.547536e+003
1.547541e+003
1.547546e+003
1.547551e+003
1.547556e+003
1.547561e+003
1.547566e+003
1.547571e+003
1.547576e+003
1.547581e+003
1.547586e+003
1.547591e+003
1.547596e+003
1.547601e+003
1.547606e+003
1.547611e+003
1.547616e+003
1.547621e+003
1.547626e+003
1.547631e+003
1.547636e+003
1.547641e+003
1.547646e+003
1.547651e+003
1.547656e+003
1.547661e+003
1.547666e+003
1.547671e+003
1.547676e+003
1.547681e+003
1.547686e+003
1.547691e+003
1.547696e+003
1.547701e+003
1.547706e+003
1.547711e+003
1.547716e+003
1.547721e+003
1.547726e+003
1.547731e+003
1.547736e+003
1.547741e+003
1.547746e+003
1.547751e+003
1.547756e+003
1.547761e+003
1.547766e+003
1.547771e+003
1.547776e+003
1.547781e+003
1.547786e+003
1.547791e+003
1.547796e+003
1.547801e+003
1.547806e+003
1.547811e+003
1.547816e+003
1.547821e+003
1.547826e+003
1.547831e+003
1.547836e+003
1.547841e+003
1.547846e+003
1.547851e+003
1.547856e+003
1.547861e+003
1.547866e+003
1.547871e+003
1.547876e+003
1.547881e+003
1.547886e+003
1.547891e+003
1.547896e+003
1.547901e+003
1.547906e+003
1.547911e+003
1.547916e+003
1.547921e+003
1.547926e+003
1.547931e+003
1.547936e+003
1.547941e+003
1.547946e+003
1.547951e+003
1.547956e+003
1.547961e+003
1.547966e+003
1.547971e+003
1.547976e+003
1.547981e+003
1.547986e+003
1.547991e+003
1.547996e+003
1.548001e+003
1.548006e+003
1.548011e+003
1.548016e+003
1.548021e+003
1.548026e+003
1.548031e+003
1.548036e+003
1.548041e+003
1.548046e+003
1.548051e+003
1.548056e+003
1.548061e+003
1.548066e+003
1.548071e+003
1.548076e+003
1.548081e+003
1.548086e+003
1.548091e+003
1.548096e+003
1.548101e+003
1.548106e+003
1.548111e+003
1.548116e+003
1.548121e+003
1.548126e+003
1.548131e+003
1.548136e+003
1.548141e+003
1.548146e+003
1.548151e+003
1.548156e+003
1.548161e+003
1.548166e+003
1.548171e+003
1.548176e+003
1.548181e+003
1.548186e+003
1.548191e+003
1.548196e+003
1.548201e+003
1.548206e+003
1.548211e+003
1.548216e+003
1.548221e+003
1.548226e+003
1.548231e+003
1.548236e+003
1.548241e+003
1.548246e+003
1.548251e+003
1.548256e+003
1.548261e+003
1.548266e+003
1.548271e+003
1.548276e+003
1.548281e+003
1.548286e+003
1.548291e+003
1.548296e+003
1.548301e+003
1.548306e+003
1.548311e+003
1.548316e+003
1.548321e+003
1.548326e+003
1.548331e+003
1.548336e+003
1.548341e+003
1.548346e+003
1.548351e+003
1.548356e+003
1.548361e+003
1.548366e+003
1.548371e+003
1.548376e+003
1.548381e+003
1.548386e+003
1.548391e+003
1.548396e+003
1.548401e+003
1.548406e+003
1.548411e+003
1.548416e+003
1.548421e+003
1.548426e+003
1.548431e+003
1.548436e+003
1.548441e+003
1.548446e+003
1.548451e+003
1.548456e+003
1.548461e+003
1.548466e+003
1.548471e+003
1.548476e+003
1.548481e+003
1.548486e+003
1.548491e+003
1.548496e+003
1.548501e+003
1.548506e+003
