1.540000e+003 8.480000e-010
1.540006e+003 1.859000e-009
1.540012e+003 -8.870000e-010
1.540018e+003 -3.732000e-009
1.540024e+003 5.920000e-010
1.540030e+003 -5.300000e-010
1.540036e+003 -2.204000e-009
1.540042e+003 2.573000e-009
1.540048e+003 -1.817000e-009
1.540054e+003 1.005000e-009
1.540060e+003 4.025000e-009
1.540066e+003 -1.732000e-009
1.540072e+003 -2.457000e-009
1.540078e+003 3.430000e-010
1.540084e+003 9.230000e-010
1.540090e+003 3.547000e-009
1.540096e+003 8.700000e-010
1.540102e+003 5.820000e-010
1.540108e+003 -2.367000e-009
1.540114e+003 1.431000e-009
1.540120e+003 1.206000e-009
1.540126e+003 9.450000e-010
1.540132e+003 -1.628000e-009
1.540138e+003 -9.630000e-010
1.540144e+003 -1.310000e-009
1.540150e+003 1.007000e-009
1.540156e+003 -5.430000e-010
1.540162e+003 0.000000e+000
1.540168e+003 1.940000e-009
1.540174e+003 -2.204000e-009
1.540180e+003 1.934000e-009
1.540186e+003 2.612000e-009
1.540192e+003 3.280000e-010
1.540198e+003 2.171000e-009
1.540204e+003 3.417000e-009
1.540210e+003 -2.143000e-009
1.540216e+003 -1.918000e-009
1.540222e+003 -2.311000e-009
1.540228e+003 -1.558000e-009
1.540234e+003 2.900000e-010
1.540240e+003 1.881000e-009
1.540246e+003 1.892000e-009
1.540251e+003 6.330000e-010
1.540257e+003 -2.170000e-010
1.540263e+003 -1.967000e-009
1.540269e+003 1.405000e-009
1.540275e+003 7.020000e-010
1.540281e+003 8.880000e-010
1.540287e+003 -1.664000e-009
1.540293e+003 1.020000e-010
1.540299e+003 -1.566000e-009
1.540305e+003 -4.960000e-010
1.540311e+003 -1.257000e-009
1.540317e+003 1.005000e-009
1.540323e+003 1.628000e-009
1.540329e+003 -3.154000e-009
1.540335e+003 2.294000e-009
1.540341e+003 -1.461000e-009
1.540347e+003 4.700000e-011
1.540353e+003 -2.897000e-009
1.540359e+003 -2.185000e-009
1.540365e+003 -9.420000e-010
1.540371e+003 2.201000e-009
1.540377e+003 -1.341000e-009
1.540383e+003 1.192000e-009
1.540389e+003 -6.980000e-010
1.540395e+003 2.160000e-009
1.540401e+003 -1.472000e-009
1.540407e+003 1.077000e-009
1.540413e+003 1.200000e-009
1.540419e+003 -2.987000e-009
1.540425e+003 -1.149000e-009
1.540431e+003 3.398000e-009
1.540437e+003 7.100000e-010
1.540443e+003 6.350000e-010
1.540449e+003 -5.150000e-010
1.540455e+003 -2.990000e-010
1.540461e+003 3.076000e-009
1.540467e+003 -2.452000e-009
1.540473e+003 3.800000e-010
1.540479e+003 5.360000e-010
1.540485e+003 -7.970000e-010
1.540491e+003 -2.043000e-009
1.540497e+003 -2.000000e-012
1.540503e+003 5.790000e-010
1.540509e+003 -1.936000e-009
1.540515e+003 -9.040000e-010
1.540521e+003 1.630000e-010
1.540527e+003 1.384000e-009
1.540533e+003 4.850000e-010
1.540539e+003 -7.240000e-010
1.540545e+003 1.853000e-009
1.540551e+003 -1.430000e-010
1.540557e+003 1.272000e-009
1.540563e+003 1.100000e-009
1.540569e+003 -1.489000e-009
1.540575e+003 -9.200000e-011
1.540581e+003 -4.070000e-010
1.540587e+003 -5.950000e-010
1.540593e+003 -4.760000e-010
1.540599e+003 1.200000e-011
1.540605e+003 9.650000e-010
1.540611e+003 9.800000e-011
1.540617e+003 -2.815000e-009
1.540623e+003 8.400000e-011
1.540629e+003 7.080000e-010
1.540635e+003 1.677000e-009
1.540641e+003 1.527000e-009
1.540647e+003 1.717000e-009
1.540653e+003 -1.317000e-009
1.540659e+003 7.300000e-010
1.540665e+003 1.998000e-009
1.540671e+003 2.030000e-010
1.540677e+003 1.058000e-009
1.540683e+003 1.180000e-009
1.540689e+003 3.038000e-009
1.540695e+003 -1.726000e-009
1.540701e+003 2.461000e-009
1.540707e+003 -1.412000e-009
1.540713e+003 1.054000e-009
1.540719e+003 2.739000e-009
1.540725e+003 -1.010000e-010
1.540731e+003 -1.312000e-009
1.540737e+003 -8.490000e-010
1.540743e+003 7.260000e-010
1.540749e+003 -1.044000e-009
1.540754e+003 -1.001000e-009
1.540760e+003 1.596000e-009
1.540766e+003 -1.176000e-009
1.540772e+003 -1.095000e-009
1.540778e+003 -4.170000e-010
1.540784e+003 5.870000e-010
1.540790e+003 5.060000e-010
1.540796e+003 2.098000e-009
1.540802e+003 -8.290000e-010
1.540808e+003 1.931000e-009
1.540814e+003 -1.656000e-009
1.540820e+003 2.130000e-010
1.540826e+003 1.110000e-010
1.540832e+003 -2.514000e-009
1.540838e+003 -1.130000e-010
1.540844e+003 1.853000e-009
1.540850e+003 1.663000e-009
1.540856e+003 1.821000e-009
1.540862e+003 2.364000e-009
1.540868e+003 6.630000e-010
1.540874e+003 -1.600000e-011
1.540880e+003 -9.070000e-010
1.540886e+003 -5.067000e-009
1.540892e+003 2.450000e-010
1.540898e+003 1.490000e-010
1.540904e+003 -2.202000e-009
1.540910e+003 -2.866000e-009
1.540916e+003 1.161000e-009
1.540922e+003 -4.530000e-010
1.540928e+003 -6.470000e-010
1.540934e+003 -1.187000e-009
1.540940e+003 4.000000e-012
1.540946e+003 -6.160000e-010
1.540952e+003 9.500000e-010
1.540958e+003 -3.220000e-010
1.540964e+003 2.105000e-009
1.540970e+003 7.060000e-010
1.540976e+003 -2.446000e-009
1.540982e+003 -1.242000e-009
1.540988e+003 3.300000e-010
1.540994e+003 4.147000e-009
1.541000e+003 2.808000e-009
1.541006e+003 1.799000e-009
1.541012e+003 1.293000e-009
1.541018e+003 -1.635000e-009
1.541024e+003 -3.690000e-010
1.541030e+003 -1.439000e-009
1.541036e+003 1.899000e-009
1.541042e+003 2.109000e-009
1.541048e+003 1.781000e-009
1.541054e+003 1.858000e-009
1.541060e+003 -1.807000e-009
1.541066e+003 -3.035000e-009
1.541072e+003 -3.425000e-009
1.541078e+003 -2.200000e-011
1.541084e+003 -4.500000e-011
1.541090e+003 7.820000e-010
1.541096e+003 2.640000e-010
1.541102e+003 2.076000e-009
1.541108e+003 1.994000e-009
1.541114e+003 1.384000e-009
1.541120e+003 -1.635000e-009
1.541126e+003 9.809999e-010
1.541132e+003 8.140000e-010
1.541138e+003 -8.150000e-010
1.541144e+003 1.388000e-009
1.541150e+003 4.985000e-009
1.541156e+003 -4.500000e-011
1.541162e+003 -1.573000e-009
1.541168e+003 3.124000e-009
1.541174e+003 -3.393000e-009
1.541180e+003 -7.880000e-010
1.541186e+003 -1.091000e-009
1.541192e+003 -2.100000e-009
1.541198e+003 4.604000e-009
1.541204e+003 2.238000e-009
1.541210e+003 2.729000e-009
1.541216e+003 4.004000e-009
1.541222e+003 -3.110000e-010
1.541228e+003 -2.449000e-009
1.541234e+003 1.218000e-009
1.541240e+003 -2.574000e-009
1.541246e+003 -4.160000e-010
1.541251e+003 -1.777000e-009
1.541257e+003 2.498000e-009
1.541263e+003 -4.140000e-010
1.541269e+003 -3.802000e-009
1.541275e+003 5.810000e-010
1.541281e+003 2.102000e-009
1.541287e+003 -4.020000e-010
1.541293e+003 -1.892000e-009
1.541299e+003 1.215000e-009
1.541305e+003 -2.347000e-009
1.541311e+003 -1.855000e-009
1.541317e+003 9.640000e-010
1.541323e+003 -1.900000e-010
1.541329e+003 -1.157000e-009
1.541335e+003 -2.130000e-010
1.541341e+003 3.087000e-009
1.541347e+003 -3.853000e-009
1.541353e+003 -2.057000e-009
1.541359e+003 1.820000e-010
1.541365e+003 2.860000e-010
1.541371e+003 -7.040000e-010
1.541377e+003 4.300000e-011
1.541383e+003 2.076000e-009
1.541389e+003 1.130000e-009
1.541395e+003 -2.094000e-009
1.541401e+003 7.050000e-010
1.541407e+003 -7.170000e-010
1.541413e+003 9.270000e-010
1.541419e+003 3.580000e-010
1.541425e+003 3.709000e-009
1.541431e+003 -1.689000e-009
1.541437e+003 -6.210000e-010
1.541443e+003 1.185000e-009
1.541449e+003 -2.197000e-009
1.541455e+003 2.270000e-009
1.541461e+003 1.048000e-009
1.541467e+003 1.070000e-010
1.541473e+003 -6.280000e-010
1.541479e+003 -3.310000e-010
1.541485e+003 8.540000e-010
1.541491e+003 -5.600000e-011
1.541497e+003 -1.628000e-009
1.541503e+003 4.180000e-010
1.541509e+003 2.420000e-010
1.541515e+003 3.610000e-010
1.541521e+003 -6.180000e-010
1.541527e+003 1.632000e-009
1.541533e+003 2.093000e-009
1.541539e+003 -8.190000e-010
1.541545e+003 -9.690000e-010
1.541551e+003 -6.210000e-010
1.541557e+003 2.401000e-009
1.541563e+003 1.945000e-009
1.541569e+003 4.590000e-010
1.541575e+003 1.194000e-009
1.541581e+003 -1.313000e-009
1.541587e+003 -1.908000e-009
1.541593e+003 8.740000e-010
1.541599e+003 7.550000e-010
1.541605e+003 9.659999e-010
1.541611e+003 2.017000e-009
1.541617e+003 -3.310000e-010
1.541623e+003 5.870000e-010
1.541629e+003 -1.535000e-009
1.541635e+003 5.690000e-010
1.541641e+003 -2.719000e-009
1.541647e+003 1.458000e-009
1.541653e+003 -1.877000e-009
1.541659e+003 -2.385000e-009
1.541665e+003 -1.524000e-009
1.541671e+003 3.251000e-009
1.541677e+003 7.270000e-010
1.541683e+003 -8.440000e-010
1.541689e+003 2.198000e-009
1.541695e+003 -1.916000e-009
1.541701e+003 1.189000e-009
1.541707e+003 -9.380000e-010
1.541713e+003 4.653000e-009
1.541719e+003 1.683000e-009
1.541725e+003 2.086000e-009
1.541731e+003 -2.290000e-010
1.541737e+003 1.046000e-009
1.541743e+003 1.857000e-009
1.541749e+003 -7.840000e-010
1.541754e+003 -6.130000e-010
1.541760e+003 -3.680000e-010
1.541766e+003 4.508000e-009
1.541772e+003 1.749000e-009
1.541778e+003 1.634000e-009
1.541784e+003 -8.860000e-010
1.541790e+003 -1.570000e-009
1.541796e+003 -4.845000e-009
1.541802e+003 -1.962000e-009
1.541808e+003 1.040000e-009
1.541814e+003 2.097000e-009
1.541820e+003 1.397000e-009
1.541826e+003 3.700000e-011
1.541832e+003 -1.442000e-009
1.541838e+003 9.320000e-010
1.541844e+003 -2.325000e-009
1.541850e+003 1.585000e-009
1.541856e+003 6.700000e-011
1.541862e+003 2.127000e-009
1.541868e+003 -2.019000e-009
1.541874e+003 1.285000e-009
1.541880e+003 1.470000e-010
1.541886e+003 -1.230000e-009
1.541892e+003 -4.700000e-011
1.541898e+003 2.289000e-009
1.541904e+003 -2.377000e-009
1.541910e+003 -1.146000e-009
1.541916e+003 -6.810000e-010
1.541922e+003 5.300000e-011
1.541928e+003 -9.440000e-010
1.541934e+003 -2.190000e-010
1.541940e+003 1.321000e-009
1.541946e+003 1.902000e-009
1.541952e+003 -7.680000e-010
1.541958e+003 3.382000e-009
1.541964e+003 -5.420000e-010
1.541970e+003 1.245000e-009
1.541976e+003 2.141000e-009
1.541982e+003 8.570000e-010
1.541988e+003 -1.012000e-009
1.541994e+003 -7.710000e-010
1.542000e+003 -3.300000e-011
1.542006e+003 -1.700000e-010
1.542012e+003 -2.093000e-009
1.542018e+003 -1.468000e-009
1.542024e+003 1.541000e-009
1.542030e+003 -3.230000e-009
1.542036e+003 1.577000e-009
1.542042e+003 1.046000e-009
1.542048e+003 8.850000e-010
1.542054e+003 2.118000e-009
1.542060e+003 -9.759999e-010
1.542066e+003 1.510000e-010
1.542072e+003 5.260000e-010
1.542078e+003 8.650000e-010
1.542084e+003 -3.108000e-009
1.542090e+003 -2.280000e-009
1.542096e+003 4.080000e-010
1.542102e+003 2.750000e-010
1.542108e+003 1.240000e-010
1.542114e+003 5.180000e-010
1.542120e+003 -2.030000e-010
1.542126e+003 7.080000e-010
1.542132e+003 -6.600000e-010
1.542138e+003 -1.562000e-009
1.542144e+003 -1.812000e-009
1.542150e+003 -7.640000e-010
1.542156e+003 -4.023000e-009
1.542162e+003 9.990000e-010
1.542168e+003 6.180000e-010
1.542174e+003 -1.500000e-011
1.542180e+003 -1.290000e-010
1.542186e+003 -2.297000e-009
1.542192e+003 -1.960000e-009
1.542198e+003 1.388000e-009
1.542204e+003 -2.182000e-009
1.542210e+003 1.702000e-009
1.542216e+003 -5.220000e-010
1.542222e+003 1.498000e-009
1.542228e+003 -1.840000e-010
1.542234e+003 2.720000e-010
1.542240e+003 1.100000e-010
1.542246e+003 -6.181000e-010
1.542251e+003 -6.240000e-010
1.542257e+003 -1.800000e-010
1.542263e+003 -1.250000e-010
1.542269e+003 3.420000e-010
1.542275e+003 1.922000e-009
1.542281e+003 8.130000e-010
1.542287e+003 1.310000e-010
1.542293e+003 -1.333000e-009
1.542299e+003 -2.500000e-010
1.542305e+003 1.844000e-009
1.542311e+003 -2.900000e-011
1.542317e+003 -4.790000e-010
1.542323e+003 1.592000e-009
1.542329e+003 3.735000e-009
1.542335e+003 3.226000e-009
1.542341e+003 -1.509000e-009
1.542347e+003 -7.470000e-010
1.542353e+003 7.840000e-010
1.542359e+003 2.819000e-009
1.542365e+003 -1.621000e-009
1.542371e+003 -2.970000e-010
1.542377e+003 2.309000e-009
1.542383e+003 7.210000e-010
1.542389e+003 -3.500000e-010
1.542395e+003 1.916000e-009
1.542401e+003 -5.160000e-010
1.542407e+003 -2.514000e-009
1.542413e+003 3.191000e-009
1.542419e+003 -2.480000e-010
1.542425e+003 -2.369000e-009
1.542431e+003 1.943000e-009
1.542437e+003 -1.730000e-009
1.542443e+003 1.800000e-010
1.542449e+003 1.736000e-009
1.542455e+003 1.720000e-010
1.542461e+003 2.494000e-009
1.542467e+003 -2.747000e-009
1.542473e+003 1.067000e-009
1.542479e+003 9.540000e-010
1.542485e+003 -2.367000e-009
1.542491e+003 4.141000e-009
1.542497e+003 -2.930000e-010
1.542503e+003 2.120000e-009
1.542509e+003 -3.110000e-010
1.542515e+003 -6.100000e-010
1.542521e+003 2.705000e-009
1.542527e+003 9.060000e-010
1.542533e+003 6.320000e-010
1.542539e+003 6.750000e-010
1.542545e+003 -9.980000e-010
1.542551e+003 2.700000e-011
1.542557e+003 -5.744000e-009
1.542563e+003 -1.060000e-010
1.542569e+003 8.490000e-010
1.542575e+003 -6.580000e-010
1.542581e+003 -1.869000e-009
1.542587e+003 -8.720000e-010
1.542593e+003 2.707000e-009
1.542599e+003 -1.009000e-009
1.542605e+003 -1.744000e-009
1.542611e+003 1.080000e-010
1.542617e+003 4.107000e-009
1.542623e+003 -2.655000e-009
1.542629e+003 2.280000e-010
1.542635e+003 -4.317000e-009
1.542641e+003 2.090000e-010
1.542647e+003 3.816000e-009
1.542653e+003 2.110000e-010
1.542659e+003 -9.150000e-010
1.542665e+003 -2.874000e-009
1.542671e+003 7.500000e-010
1.542677e+003 -5.320000e-010
1.542683e+003 -8.200000e-011
1.542689e+003 2.118000e-009
1.542695e+003 -1.901000e-009
1.542701e+003 1.707000e-009
1.542707e+003 1.380000e-009
1.542713e+003 -2.930000e-010
1.542719e+003 -2.700000e-011
1.542725e+003 3.900000e-011
1.542731e+003 -1.190000e-009
1.542737e+003 1.485000e-009
1.542743e+003 -4.420000e-010
1.542749e+003 4.540000e-010
1.542754e+003 -2.148000e-009
1.542760e+003 2.912000e-009
1.542766e+003 -1.278000e-009
1.542772e+003 7.750000e-010
1.542778e+003 3.180000e-010
1.542784e+003 -8.200000e-010
1.542790e+003 -1.870000e-009
1.542796e+003 -8.130000e-010
1.542802e+003 -2.486000e-009
1.542808e+003 8.000000e-010
1.542814e+003 1.816000e-009
1.542820e+003 1.350000e-010
1.542826e+003 1.380000e-009
1.542832e+003 6.400000e-010
1.542838e+003 7.840000e-010
1.542844e+003 -7.890000e-010
1.542850e+003 3.130000e-010
1.542856e+003 7.890000e-010
1.542862e+003 -8.100000e-010
1.542868e+003 2.440000e-010
1.542874e+003 3.170000e-010
1.542880e+003 7.030000e-010
1.542886e+003 4.321000e-009
1.542892e+003 4.316000e-009
1.542898e+003 -1.454000e-009
1.542904e+003 -2.496000e-009
1.542910e+003 -2.368000e-009
1.542916e+003 5.389000e-009
1.542922e+003 1.937000e-009
1.542928e+003 4.940000e-010
1.542934e+003 1.064000e-009
1.542940e+003 3.394000e-009
1.542946e+003 -2.167000e-009
1.542952e+003 -2.248000e-009
1.542958e+003 -3.557000e-009
1.542964e+003 1.427000e-009
1.542970e+003 -2.306000e-009
1.542976e+003 2.995000e-009
1.542982e+003 1.282000e-009
1.542988e+003 -1.392000e-009
1.542994e+003 -2.210000e-010
