1.536110e+003 -8.474000e+001
1.536124e+003 -8.373000e+001
1.536138e+003 -8.318000e+001
1.536152e+003 -8.180000e+001
1.536166e+003 -8.225000e+001
1.536180e+003 -8.106000e+001
1.536194e+003 -8.160000e+001
1.536208e+003 -8.098000e+001
1.536222e+003 -8.048000e+001
1.536236e+003 -8.025000e+001
1.536250e+003 -7.994000e+001
1.536264e+003 -7.887000e+001
1.536278e+003 -7.866000e+001
1.536292e+003 -7.856000e+001
1.536306e+003 -7.821000e+001
1.536320e+003 -7.716000e+001
1.536334e+003 -7.731000e+001
1.536348e+003 -7.682000e+001
1.536361e+003 -7.701000e+001
1.536375e+003 -7.661000e+001
1.536389e+003 -7.709000e+001
1.536403e+003 -7.763000e+001
1.536417e+003 -7.866000e+001
1.536431e+003 -7.922000e+001
1.536445e+003 -8.022000e+001
1.536459e+003 -8.144000e+001
1.536473e+003 -8.312000e+001
1.536487e+003 -8.483000e+001
1.536501e+003 -8.764000e+001
1.536515e+003 -8.682000e+001
1.536529e+003 -8.501000e+001
1.536543e+003 -8.542000e+001
1.536557e+003 -8.739000e+001
1.536571e+003 -8.595000e+001
1.536585e+003 -8.556000e+001
1.536599e+003 -8.394000e+001
1.536613e+003 -8.378000e+001
1.536627e+003 -8.223000e+001
1.536641e+003 -8.242000e+001
1.536655e+003 -8.247000e+001
1.536669e+003 -8.230000e+001
1.536683e+003 -8.139000e+001
1.536697e+003 -8.126000e+001
1.536711e+003 -8.077000e+001
1.536725e+003 -8.174000e+001
1.536739e+003 -8.054000e+001
1.536753e+003 -8.146000e+001
1.536767e+003 -8.077000e+001
1.536781e+003 -8.049000e+001
1.536795e+003 -8.081000e+001
1.536809e+003 -8.070000e+001
1.536823e+003 -8.081000e+001
1.536837e+003 -8.085000e+001
1.536851e+003 -8.125000e+001
1.536864e+003 -8.094000e+001
1.536878e+003 -8.145000e+001
1.536892e+003 -8.171000e+001
1.536906e+003 -8.214000e+001
1.536920e+003 -8.256000e+001
1.536934e+003 -8.298000e+001
1.536948e+003 -8.460000e+001
1.536962e+003 -8.377000e+001
1.536976e+003 -8.396000e+001
1.536990e+003 -8.418000e+001
1.537004e+003 -8.340000e+001
1.537018e+003 -8.410000e+001
1.537032e+003 -8.508000e+001
1.537046e+003 -8.711000e+001
1.537060e+003 -8.706000e+001
1.537074e+003 -8.700000e+001
1.537088e+003 -8.779000e+001
1.537102e+003 -8.801000e+001
1.537116e+003 -8.579000e+001
1.537130e+003 -8.884000e+001
1.537144e+003 -8.831000e+001
1.537158e+003 -8.875000e+001
1.537172e+003 -9.468000e+001
1.537186e+003 -8.943000e+001
1.537200e+003 -9.057000e+001
1.537214e+003 -8.891000e+001
1.537228e+003 -9.246000e+001
1.537242e+003 -9.002000e+001
1.537256e+003 -9.101000e+001
1.537270e+003 -8.795000e+001
1.537284e+003 -8.950000e+001
1.537298e+003 -8.908000e+001
1.537312e+003 -9.204000e+001
1.537326e+003 -1.195500e+002
1.537340e+003 -9.195000e+001
1.537353e+003 -9.609000e+001
1.537367e+003 -9.527000e+001
1.537381e+003 -8.784000e+001
1.537395e+003 -9.317000e+001
1.537409e+003 -8.785000e+001
1.537423e+003 -9.454000e+001
1.537437e+003 -8.729000e+001
1.537451e+003 -9.129000e+001
1.537465e+003 -1.200000e+002
1.537479e+003 -9.009000e+001
1.537493e+003 -9.222000e+001
1.537507e+003 -8.791000e+001
1.537521e+003 -8.791000e+001
1.537535e+003 -9.094000e+001
1.537549e+003 -9.389000e+001
1.537563e+003 -9.180000e+001
1.537577e+003 -9.035000e+001
1.537591e+003 -1.200000e+002
1.537605e+003 -9.088000e+001
1.537619e+003 -1.013500e+002
1.537633e+003 -1.200000e+002
1.537647e+003 -8.910000e+001
1.537661e+003 -8.857000e+001
1.537675e+003 -8.830000e+001
1.537689e+003 -9.406000e+001
1.537703e+003 -9.615000e+001
1.537717e+003 -1.200000e+002
1.537731e+003 -9.077000e+001
1.537745e+003 -9.354000e+001
1.537759e+003 -8.896000e+001
1.537773e+003 -9.090000e+001
1.537787e+003 -9.180000e+001
1.537801e+003 -9.071000e+001
1.537815e+003 -1.200000e+002
1.537829e+003 -9.197000e+001
1.537843e+003 -1.200000e+002
1.537856e+003 -8.824000e+001
1.537870e+003 -9.137000e+001
1.537884e+003 -8.641000e+001
1.537898e+003 -8.958000e+001
1.537912e+003 -1.200000e+002
1.537926e+003 -9.410000e+001
1.537940e+003 -9.063000e+001
1.537954e+003 -9.438000e+001
1.537968e+003 -8.954000e+001
1.537982e+003 -8.975000e+001
1.537996e+003 -9.168000e+001
1.538010e+003 -1.047800e+002
1.538024e+003 -9.146000e+001
1.538038e+003 -9.012000e+001
1.538052e+003 -8.550000e+001
1.538066e+003 -9.064000e+001
1.538080e+003 -9.020000e+001
1.538094e+003 -8.842000e+001
1.538108e+003 -8.886000e+001
1.538122e+003 -1.200000e+002
1.538136e+003 -1.200000e+002
1.538150e+003 -9.669000e+001
1.538164e+003 -9.226000e+001
1.538178e+003 -1.200000e+002
1.538192e+003 -9.145000e+001
1.538206e+003 -9.121000e+001
1.538220e+003 -1.200000e+002
1.538234e+003 -8.834000e+001
1.538248e+003 -9.131000e+001
1.538262e+003 -8.578000e+001
1.538276e+003 -9.612000e+001
1.538290e+003 -8.962000e+001
1.538304e+003 -9.060000e+001
1.538318e+003 -8.983000e+001
1.538332e+003 -8.789000e+001
1.538346e+003 -1.049300e+002
1.538359e+003 -9.055000e+001
1.538373e+003 -9.880000e+001
1.538387e+003 -1.200000e+002
1.538401e+003 -8.807000e+001
1.538415e+003 -1.022200e+002
1.538429e+003 -8.840000e+001
1.538443e+003 -8.691000e+001
1.538457e+003 -9.522000e+001
1.538471e+003 -8.809000e+001
1.538485e+003 -8.647000e+001
1.538499e+003 -8.550000e+001
1.538513e+003 -8.620000e+001
1.538527e+003 -8.615000e+001
1.538541e+003 -8.539000e+001
1.538555e+003 -8.585000e+001
1.538569e+003 -8.323000e+001
1.538583e+003 -8.407000e+001
1.538597e+003 -8.319000e+001
1.538611e+003 -8.283000e+001
1.538625e+003 -8.199000e+001
1.538639e+003 -8.081000e+001
1.538653e+003 -8.029000e+001
1.538667e+003 -7.950000e+001
1.538681e+003 -7.882000e+001
1.538695e+003 -7.812000e+001
1.538709e+003 -7.728000e+001
1.538723e+003 -7.702000e+001
1.538737e+003 -7.621000e+001
1.538751e+003 -7.538000e+001
1.538765e+003 -7.465000e+001
1.538779e+003 -7.395000e+001
1.538793e+003 -7.318000e+001
1.538807e+003 -7.242000e+001
1.538821e+003 -7.187000e+001
1.538835e+003 -7.106000e+001
1.538849e+003 -7.046000e+001
1.538862e+003 -6.972000e+001
1.538876e+003 -6.902000e+001
1.538890e+003 -6.824000e+001
1.538904e+003 -6.754000e+001
1.538918e+003 -6.688000e+001
1.538932e+003 -6.614000e+001
1.538946e+003 -6.551000e+001
1.538960e+003 -6.483000e+001
1.538974e+003 -6.419000e+001
1.538988e+003 -6.348000e+001
1.539002e+003 -6.274000e+001
1.539016e+003 -6.206000e+001
1.539030e+003 -6.135000e+001
1.539044e+003 -6.065000e+001
1.539058e+003 -5.991000e+001
1.539072e+003 -5.915000e+001
1.539086e+003 -5.840000e+001
1.539100e+003 -5.759000e+001
1.539114e+003 -5.688000e+001
1.539128e+003 -5.614000e+001
1.539142e+003 -5.536000e+001
1.539156e+003 -5.455000e+001
1.539170e+003 -5.378000e+001
1.539184e+003 -5.302000e+001
1.539198e+003 -5.229000e+001
1.539212e+003 -5.151000e+001
1.539226e+003 -5.074000e+001
1.539240e+003 -5.000000e+001
1.539254e+003 -4.924000e+001
1.539268e+003 -4.843000e+001
1.539282e+003 -4.760000e+001
1.539296e+003 -4.675000e+001
1.539310e+003 -4.588000e+001
1.539324e+003 -4.498000e+001
1.539338e+003 -4.412000e+001
1.539352e+003 -4.324000e+001
1.539365e+003 -4.237000e+001
1.539379e+003 -4.144000e+001
1.539393e+003 -4.056000e+001
1.539407e+003 -3.967000e+001
1.539421e+003 -3.879000e+001
1.539435e+003 -3.800000e+001
1.539449e+003 -3.730000e+001
1.539463e+003 -3.672000e+001
1.539477e+003 -3.629000e+001
1.539491e+003 -3.604000e+001
1.539505e+003 -3.603000e+001
1.539519e+003 -3.628000e+001
1.539533e+003 -3.681000e+001
1.539547e+003 -3.762000e+001
1.539561e+003 -3.876000e+001
1.539575e+003 -4.027000e+001
1.539589e+003 -4.209000e+001
1.539603e+003 -4.376000e+001
1.539617e+003 -4.474000e+001
1.539631e+003 -4.455000e+001
1.539645e+003 -4.338000e+001
1.539659e+003 -4.200000e+001
1.539673e+003 -4.061000e+001
1.539687e+003 -3.947000e+001
1.539701e+003 -3.854000e+001
1.539715e+003 -3.780000e+001
1.539729e+003 -3.721000e+001
1.539743e+003 -3.670000e+001
1.539757e+003 -3.633000e+001
1.539771e+003 -3.603000e+001
1.539785e+003 -3.584000e+001
1.539799e+003 -3.571000e+001
1.539813e+003 -3.565000e+001
1.539827e+003 -3.562000e+001
1.539841e+003 -3.560000e+001
1.539854e+003 -3.561000e+001
1.539868e+003 -3.563000e+001
1.539882e+003 -3.562000e+001
1.539896e+003 -3.563000e+001
1.539910e+003 -3.563000e+001
1.539924e+003 -3.565000e+001
1.539938e+003 -3.571000e+001
1.539952e+003 -3.586000e+001
1.539966e+003 -3.608000e+001
1.539980e+003 -3.639000e+001
1.539994e+003 -3.673000e+001
1.540008e+003 -3.704000e+001
1.540022e+003 -3.732000e+001
1.540036e+003 -3.768000e+001
1.540050e+003 -3.805000e+001
1.540064e+003 -3.841000e+001
1.540078e+003 -3.885000e+001
1.540092e+003 -3.937000e+001
1.540106e+003 -3.995000e+001
1.540120e+003 -4.053000e+001
1.540134e+003 -4.117000e+001
1.540148e+003 -4.188000e+001
1.540162e+003 -4.267000e+001
1.540176e+003 -4.347000e+001
1.540190e+003 -4.432000e+001
1.540204e+003 -4.528000e+001
1.540218e+003 -4.627000e+001
1.540232e+003 -4.727000e+001
1.540246e+003 -4.830000e+001
1.540260e+003 -4.943000e+001
1.540274e+003 -5.055000e+001
1.540288e+003 -5.170000e+001
1.540302e+003 -5.268000e+001
1.540316e+003 -5.356000e+001
1.540330e+003 -5.438000e+001
1.540344e+003 -5.500000e+001
1.540357e+003 -5.554000e+001
1.540371e+003 -5.603000e+001
1.540385e+003 -5.651000e+001
1.540399e+003 -5.695000e+001
1.540413e+003 -5.744000e+001
1.540427e+003 -5.800000e+001
1.540441e+003 -5.860000e+001
1.540455e+003 -5.920000e+001
1.540469e+003 -5.988000e+001
1.540483e+003 -6.054000e+001
1.540497e+003 -6.136000e+001
1.540511e+003 -6.224000e+001
1.540525e+003 -6.278000e+001
1.540539e+003 -6.363000e+001
1.540553e+003 -6.444000e+001
1.540567e+003 -6.530000e+001
1.540581e+003 -6.624000e+001
1.540595e+003 -6.715000e+001
1.540609e+003 -6.799000e+001
1.540623e+003 -6.893000e+001
1.540637e+003 -6.981000e+001
1.540651e+003 -7.071000e+001
1.540665e+003 -7.149000e+001
1.540679e+003 -7.265000e+001
1.540693e+003 -7.356000e+001
1.540707e+003 -7.438000e+001
1.540721e+003 -7.514000e+001
1.540735e+003 -7.617000e+001
1.540749e+003 -7.660000e+001
1.540763e+003 -7.826000e+001
1.540777e+003 -7.825000e+001
1.540791e+003 -7.961000e+001
1.540805e+003 -8.041000e+001
1.540819e+003 -8.054000e+001
1.540833e+003 -8.189000e+001
1.540847e+003 -8.238000e+001
1.540860e+003 -8.450000e+001
1.540874e+003 -8.446000e+001
1.540888e+003 -8.604000e+001
1.540902e+003 -8.448000e+001
1.540916e+003 -8.727000e+001
1.540930e+003 -8.764000e+001
1.540944e+003 -9.014000e+001
1.540958e+003 -9.327000e+001
1.540972e+003 -9.026000e+001
1.540986e+003 -9.071000e+001
1.541000e+003 -8.693000e+001
1.541014e+003 -9.133000e+001
1.541028e+003 -9.146000e+001
1.541042e+003 -8.914000e+001
1.541056e+003 -8.649000e+001
1.541070e+003 -1.200000e+002
1.541084e+003 -8.950000e+001
1.541098e+003 -8.693000e+001
1.541112e+003 -9.471000e+001
1.541126e+003 -9.648000e+001
1.541140e+003 -8.789000e+001
1.541154e+003 -8.876000e+001
1.541168e+003 -9.394000e+001
1.541182e+003 -9.362000e+001
1.541196e+003 -8.727000e+001
1.541210e+003 -9.026000e+001
1.541224e+003 -8.866000e+001
1.541238e+003 -9.339000e+001
1.541252e+003 -9.202000e+001
1.541266e+003 -8.797000e+001
1.541280e+003 -8.995000e+001
1.541294e+003 -9.611000e+001
1.541308e+003 -9.015000e+001
1.541322e+003 -8.947000e+001
1.541336e+003 -9.173000e+001
1.541350e+003 -1.200000e+002
1.541363e+003 -8.931000e+001
1.541377e+003 -9.011000e+001
1.541391e+003 -9.816000e+001
1.541405e+003 -8.912000e+001
1.541419e+003 -9.159000e+001
1.541433e+003 -8.727000e+001
1.541447e+003 -1.042400e+002
1.541461e+003 -8.973000e+001
1.541475e+003 -8.720000e+001
1.541489e+003 -1.200000e+002
1.541503e+003 -1.200000e+002
1.541517e+003 -9.355000e+001
1.541531e+003 -9.491000e+001
1.541545e+003 -9.832000e+001
1.541559e+003 -9.078000e+001
1.541573e+003 -9.205000e+001
1.541587e+003 -8.949000e+001
1.541601e+003 -8.955000e+001
1.541615e+003 -9.235000e+001
1.541629e+003 -9.081000e+001
1.541643e+003 -9.838000e+001
1.541657e+003 -8.671000e+001
1.541671e+003 -8.903000e+001
1.541685e+003 -9.329000e+001
1.541699e+003 -9.155000e+001
1.541713e+003 -9.106000e+001
1.541727e+003 -8.798000e+001
1.541741e+003 -1.010400e+002
1.541755e+003 -1.200000e+002
1.541769e+003 -9.057000e+001
1.541783e+003 -1.200000e+002
1.541797e+003 -9.646000e+001
1.541811e+003 -9.056000e+001
1.541825e+003 -8.782000e+001
1.541839e+003 -9.020000e+001
1.541853e+003 -8.888000e+001
1.541866e+003 -8.788000e+001
1.541880e+003 -9.239000e+001
1.541894e+003 -9.071000e+001
1.541908e+003 -8.904000e+001
1.541922e+003 -9.329000e+001
1.541936e+003 -9.145000e+001
1.541950e+003 -1.200000e+002
1.541964e+003 -8.844000e+001
1.541978e+003 -8.784000e+001
1.541992e+003 -8.704000e+001
1.542006e+003 -8.790000e+001
1.542020e+003 -8.662000e+001
1.542034e+003 -8.736000e+001
1.542048e+003 -9.137000e+001
1.542062e+003 -9.002000e+001
1.542076e+003 -8.927000e+001
1.542090e+003 -9.216000e+001
1.542104e+003 -1.200000e+002
1.542118e+003 -8.824000e+001
1.542132e+003 -1.200000e+002
1.542146e+003 -8.943000e+001
1.542160e+003 -9.187000e+001
1.542174e+003 -8.683000e+001
1.542188e+003 -8.737000e+001
1.542202e+003 -8.806000e+001
1.542216e+003 -8.875000e+001
1.542230e+003 -8.888000e+001
1.542244e+003 -8.941000e+001
1.542258e+003 -8.795000e+001
1.542272e+003 -8.696000e+001
1.542286e+003 -1.000100e+002
1.542300e+003 -8.719000e+001
1.542314e+003 -8.860000e+001
1.542328e+003 -8.672000e+001
1.542342e+003 -8.721000e+001
1.542355e+003 -8.722000e+001
1.542369e+003 -8.525000e+001
1.542383e+003 -8.551000e+001
1.542397e+003 -9.366000e+001
1.542411e+003 -8.535000e+001
1.542425e+003 -8.437000e+001
1.542439e+003 -8.440000e+001
1.542453e+003 -8.506000e+001
1.542467e+003 -8.500000e+001
1.542481e+003 -8.459000e+001
1.542495e+003 -8.396000e+001
1.542509e+003 -8.246000e+001
1.542523e+003 -8.262000e+001
1.542537e+003 -8.224000e+001
1.542551e+003 -8.202000e+001
1.542565e+003 -8.078000e+001
1.542579e+003 -7.948000e+001
1.542593e+003 -7.869000e+001
1.542607e+003 -7.793000e+001
1.542621e+003 -7.728000e+001
1.542635e+003 -7.642000e+001
1.542649e+003 -7.635000e+001
1.542663e+003 -7.585000e+001
1.542677e+003 -7.635000e+001
1.542691e+003 -7.652000e+001
1.542705e+003 -7.680000e+001
1.542719e+003 -7.721000e+001
1.542733e+003 -7.771000e+001
1.542747e+003 -7.799000e+001
1.542761e+003 -7.913000e+001
1.542775e+003 -7.851000e+001
1.542789e+003 -7.822000e+001
1.542803e+003 -7.692000e+001
1.542817e+003 -7.624000e+001
1.542831e+003 -7.472000e+001
1.542845e+003 -7.289000e+001
1.542858e+003 -7.109000e+001
1.542872e+003 -6.832000e+001
1.542886e+003 -6.498000e+001
1.542900e+003 -6.364000e+001
1.542914e+003 -6.211000e+001
1.542928e+003 -6.052000e+001
1.542942e+003 -5.644000e+001
1.542956e+003 -5.368000e+001
1.542970e+003 -5.285000e+001
1.542984e+003 -4.935000e+001
1.542998e+003 -4.051000e+001
1.543012e+003 -3.457000e+001
1.543026e+003 -3.151000e+001
1.543040e+003 -3.087000e+001
1.543054e+003 -3.075000e+001
1.543068e+003 -3.073000e+001
1.543082e+003 -3.076000e+001
1.543096e+003 -3.118000e+001
