1.535000e+003
1.535006e+003
1.535012e+003
1.535018e+003
1.535024e+003
1.535030e+003
1.535036e+003
1.535042e+003
1.535048e+003
1.535054e+003
1.535060e+003
1.535066e+003
1.535072e+003
1.535078e+003
1.535084e+003
1.535090e+003
1.535096e+003
1.535102e+003
1.535108e+003
1.535114e+003
1.535120e+003
1.535126e+003
1.535132e+003
1.535138e+003
1.535144e+003
1.535150e+003
1.535156e+003
1.535162e+003
1.535168e+003
1.535174e+003
1.535180e+003
1.535186e+003
1.535192e+003
1.535198e+003
1.535204e+003
1.535210e+003
1.535216e+003
1.535222e+003
1.535228e+003
1.535234e+003
1.535240e+003
1.535246e+003
1.535252e+003
1.535258e+003
1.535264e+003
1.535270e+003
1.535276e+003
1.535282e+003
1.535288e+003
1.535294e+003
1.535300e+003
1.535306e+003
1.535312e+003
1.535318e+003
1.535324e+003
1.535330e+003
1.535336e+003
1.535342e+003
1.535348e+003
1.535354e+003
1.535360e+003
1.535366e+003
1.535372e+003
1.535378e+003
1.535384e+003
1.535390e+003
1.535396e+003
1.535402e+003
1.535408e+003
1.535414e+003
1.535420e+003
1.535426e+003
1.535432e+003
1.535438e+003
1.535444e+003
1.535450e+003
1.535456e+003
1.535462e+003
1.535468e+003
1.535474e+003
1.535480e+003
1.535486e+003
1.535492e+003
1.535498e+003
1.535504e+003
1.535510e+003
1.535516e+003
1.535522e+003
1.535528e+003
1.535534e+003
1.535540e+003
1.535546e+003
1.535552e+003
1.535558e+003
1.535564e+003
1.535570e+003
1.535576e+003
1.535582e+003
1.535588e+003
1.535594e+003
1.535600e+003
1.535606e+003
1.535612e+003
1.535618e+003
1.535624e+003
1.535630e+003
1.535636e+003
1.535642e+003
1.535648e+003
1.535654e+003
1.535660e+003
1.535666e+003
1.535672e+003
1.535678e+003
1.535684e+003
1.535690e+003
1.535696e+003
1.535702e+003
1.535708e+003
1.535714e+003
1.535720e+003
1.535726e+003
1.535732e+003
1.535738e+003
1.535744e+003
1.535750e+003
1.535756e+003
1.535762e+003
1.535768e+003
1.535774e+003
1.535780e+003
1.535786e+003
1.535792e+003
1.535798e+003
1.535804e+003
1.535810e+003
1.535816e+003
1.535822e+003
1.535828e+003
1.535834e+003
1.535840e+003
1.535846e+003
1.535852e+003
1.535858e+003
1.535864e+003
1.535870e+003
1.535876e+003
1.535882e+003
1.535888e+003
1.535894e+003
1.535900e+003
1.535906e+003
1.535912e+003
1.535918e+003
1.535924e+003
1.535930e+003
1.535936e+003
1.535942e+003
1.535948e+003
1.535954e+003
1.535960e+003
1.535966e+003
1.535972e+003
1.535978e+003
1.535984e+003
1.535990e+003
1.535996e+003
1.536002e+003
1.536008e+003
1.536014e+003
1.536020e+003
1.536026e+003
1.536032e+003
1.536038e+003
1.536044e+003
1.536050e+003
1.536056e+003
1.536062e+003
1.536068e+003
1.536074e+003
1.536080e+003
1.536086e+003
1.536092e+003
1.536098e+003
1.536104e+003
1.536110e+003
1.536116e+003
1.536122e+003
1.536128e+003
1.536134e+003
1.536140e+003
1.536146e+003
1.536152e+003
1.536158e+003
1.536164e+003
1.536170e+003
1.536176e+003
1.536182e+003
1.536188e+003
1.536194e+003
1.536200e+003
1.536206e+003
1.536212e+003
1.536218e+003
1.536224e+003
1.536230e+003
1.536236e+003
1.536242e+003
1.536248e+003
1.536254e+003
1.536260e+003
1.536266e+003
1.536272e+003
1.536278e+003
1.536284e+003
1.536290e+003
1.536296e+003
1.536302e+003
1.536308e+003
1.536314e+003
1.536320e+003
1.536326e+003
1.536332e+003
1.536338e+003
1.536344e+003
1.536350e+003
1.536356e+003
1.536362e+003
1.536368e+003
1.536374e+003
1.536380e+003
1.536386e+003
1.536392e+003
1.536398e+003
1.536404e+003
1.536410e+003
1.536416e+003
1.536422e+003
1.536428e+003
1.536434e+003
1.536440e+003
1.536446e+003
1.536452e+003
1.536458e+003
1.536464e+003
1.536470e+003
1.536476e+003
1.536482e+003
1.536488e+003
1.536494e+003
1.536500e+003
1.536506e+003
1.536512e+003
1.536518e+003
1.536524e+003
1.536530e+003
1.536536e+003
1.536542e+003
1.536548e+003
1.536554e+003
1.536560e+003
1.536566e+003
1.536572e+003
1.536578e+003
1.536584e+003
1.536590e+003
1.536596e+003
1.536602e+003
1.536608e+003
1.536614e+003
1.536620e+003
1.536626e+003
1.536632e+003
1.536638e+003
1.536644e+003
1.536650e+003
1.536656e+003
1.536662e+003
1.536668e+003
1.536674e+003
1.536680e+003
1.536686e+003
1.536692e+003
1.536698e+003
1.536704e+003
1.536710e+003
1.536716e+003
1.536722e+003
1.536728e+003
1.536734e+003
1.536740e+003
1.536746e+003
1.536752e+003
1.536758e+003
1.536764e+003
1.536770e+003
1.536776e+003
1.536782e+003
1.536788e+003
1.536794e+003
1.536800e+003
1.536806e+003
1.536812e+003
1.536818e+003
1.536824e+003
1.536830e+003
1.536836e+003
1.536842e+003
1.536848e+003
1.536854e+003
1.536860e+003
1.536866e+003
1.536872e+003
1.536878e+003
1.536884e+003
1.536890e+003
1.536896e+003
1.536902e+003
1.536908e+003
1.536914e+003
1.536920e+003
1.536926e+003
1.536932e+003
1.536938e+003
1.536944e+003
1.536950e+003
1.536956e+003
1.536962e+003
1.536968e+003
1.536974e+003
1.536980e+003
1.536986e+003
1.536992e+003
1.536998e+003
1.537004e+003
1.537010e+003
1.537016e+003
1.537022e+003
1.537028e+003
1.537034e+003
1.537040e+003
1.537046e+003
1.537052e+003
1.537058e+003
1.537064e+003
1.537070e+003
1.537076e+003
1.537082e+003
1.537088e+003
1.537094e+003
1.537100e+003
1.537106e+003
1.537112e+003
1.537118e+003
1.537124e+003
1.537130e+003
1.537136e+003
1.537142e+003
1.537148e+003
1.537154e+003
1.537160e+003
1.537166e+003
1.537172e+003
1.537178e+003
1.537184e+003
1.537190e+003
1.537196e+003
1.537202e+003
1.537208e+003
1.537214e+003
1.537220e+003
1.537226e+003
1.537232e+003
1.537238e+003
1.537244e+003
1.537250e+003
1.537256e+003
1.537262e+003
1.537268e+003
1.537274e+003
1.537280e+003
1.537286e+003
1.537292e+003
1.537298e+003
1.537304e+003
1.537310e+003
1.537316e+003
1.537322e+003
1.537328e+003
1.537334e+003
1.537340e+003
1.537346e+003
1.537352e+003
1.537358e+003
1.537364e+003
1.537370e+003
1.537376e+003
1.537382e+003
1.537388e+003
1.537394e+003
1.537400e+003
1.537406e+003
1.537412e+003
1.537418e+003
1.537424e+003
1.537430e+003
1.537436e+003
1.537442e+003
1.537448e+003
1.537454e+003
1.537460e+003
1.537466e+003
1.537472e+003
1.537478e+003
1.537484e+003
1.537490e+003
1.537496e+003
1.537502e+003
1.537508e+003
1.537514e+003
1.537520e+003
1.537526e+003
1.537532e+003
1.537538e+003
1.537544e+003
1.537550e+003
1.537556e+003
1.537562e+003
1.537568e+003
1.537574e+003
1.537580e+003
1.537586e+003
1.537592e+003
1.537598e+003
1.537604e+003
1.537610e+003
1.537616e+003
1.537622e+003
1.537628e+003
1.537634e+003
1.537640e+003
1.537646e+003
1.537652e+003
1.537658e+003
1.537664e+003
1.537670e+003
1.537676e+003
1.537682e+003
1.537688e+003
1.537694e+003
1.537700e+003
1.537706e+003
1.537712e+003
1.537718e+003
1.537724e+003
1.537730e+003
1.537736e+003
1.537742e+003
1.537748e+003
1.537754e+003
1.537760e+003
1.537766e+003
1.537772e+003
1.537778e+003
1.537784e+003
1.537790e+003
1.537796e+003
1.537802e+003
1.537808e+003
1.537814e+003
1.537820e+003
1.537826e+003
1.537832e+003
1.537838e+003
1.537844e+003
1.537850e+003
1.537856e+003
1.537862e+003
1.537868e+003
1.537874e+003
1.537880e+003
1.537886e+003
1.537892e+003
1.537898e+003
1.537904e+003
1.537910e+003
1.537916e+003
1.537922e+003
1.537928e+003
1.537934e+003
1.537940e+003
1.537946e+003
1.537952e+003
1.537958e+003
1.537964e+003
1.537970e+003
1.537976e+003
1.537982e+003
1.537988e+003
1.537994e+003
1.538000e+003
