1.542400e+003
1.542405e+003
1.542410e+003
1.542415e+003
1.542420e+003
1.542425e+003
1.542430e+003
1.542435e+003
1.542440e+003
1.542445e+003
1.542450e+003
1.542455e+003
1.542460e+003
1.542465e+003
1.542470e+003
1.542475e+003
1.542480e+003
1.542485e+003
1.542490e+003
1.542495e+003
1.542500e+003
1.542505e+003
1.542510e+003
1.542515e+003
1.542520e+003
1.542525e+003
1.542530e+003
1.542535e+003
1.542540e+003
1.542545e+003
1.542550e+003
1.542555e+003
1.542560e+003
1.542565e+003
1.542570e+003
1.542575e+003
1.542580e+003
1.542585e+003
1.542590e+003
1.542595e+003
1.542600e+003
1.542605e+003
1.542610e+003
1.542615e+003
1.542620e+003
1.542625e+003
1.542630e+003
1.542635e+003
1.542640e+003
1.542645e+003
1.542650e+003
1.542655e+003
1.542660e+003
1.542665e+003
1.542670e+003
1.542675e+003
1.542680e+003
1.542685e+003
1.542690e+003
1.542695e+003
1.542700e+003
1.542705e+003
1.542710e+003
1.542715e+003
1.542720e+003
1.542725e+003
1.542730e+003
1.542735e+003
1.542740e+003
1.542745e+003
1.542750e+003
1.542755e+003
1.542760e+003
1.542765e+003
1.542770e+003
1.542775e+003
1.542780e+003
1.542785e+003
1.542790e+003
1.542795e+003
1.542800e+003
1.542805e+003
1.542810e+003
1.542815e+003
1.542820e+003
1.542825e+003
1.542830e+003
1.542835e+003
1.542840e+003
1.542845e+003
1.542850e+003
1.542855e+003
1.542860e+003
1.542865e+003
1.542870e+003
1.542875e+003
1.542880e+003
1.542885e+003
1.542891e+003
1.542896e+003
1.542901e+003
1.542906e+003
1.542911e+003
1.542916e+003
1.542921e+003
1.542926e+003
1.542931e+003
1.542936e+003
1.542941e+003
1.542946e+003
1.542951e+003
1.542956e+003
1.542961e+003
1.542966e+003
1.542971e+003
1.542976e+003
1.542981e+003
1.542986e+003
1.542991e+003
1.542996e+003
1.543001e+003
1.543006e+003
1.543011e+003
1.543016e+003
1.543021e+003
1.543026e+003
1.543031e+003
1.543036e+003
1.543041e+003
1.543046e+003
1.543051e+003
1.543056e+003
1.543061e+003
1.543066e+003
1.543071e+003
1.543076e+003
1.543081e+003
1.543086e+003
1.543091e+003
1.543096e+003
1.543101e+003
1.543106e+003
1.543111e+003
1.543116e+003
1.543121e+003
1.543126e+003
1.543131e+003
1.543136e+003
1.543141e+003
1.543146e+003
1.543151e+003
1.543156e+003
1.543161e+003
1.543166e+003
1.543171e+003
1.543176e+003
1.543181e+003
1.543186e+003
1.543191e+003
1.543196e+003
1.543201e+003
1.543206e+003
1.543211e+003
1.543216e+003
1.543221e+003
1.543226e+003
1.543231e+003
1.543236e+003
1.543241e+003
1.543246e+003
1.543251e+003
1.543256e+003
1.543261e+003
1.543266e+003
1.543271e+003
1.543276e+003
1.543281e+003
1.543286e+003
1.543291e+003
1.543296e+003
1.543301e+003
1.543306e+003
1.543311e+003
1.543316e+003
1.543321e+003
1.543326e+003
1.543331e+003
1.543336e+003
1.543341e+003
1.543346e+003
1.543351e+003
1.543356e+003
1.543361e+003
1.543366e+003
1.543371e+003
1.543376e+003
1.543381e+003
1.543386e+003
1.543391e+003
1.543396e+003
1.543401e+003
1.543406e+003
