1.535000e+003 1.102000e-009
1.535006e+003 5.243000e-010
1.535012e+003 7.552000e-010
1.535018e+003 3.275000e-010
1.535024e+003 9.741000e-010
1.535030e+003 5.665000e-011
1.535036e+003 1.437000e-009
1.535042e+003 -2.365000e-010
1.535048e+003 8.286000e-010
1.535054e+003 4.064000e-010
1.535060e+003 -8.219000e-011
1.535066e+003 5.331000e-010
1.535072e+003 -1.665000e-011
1.535078e+003 1.021000e-010
1.535084e+003 1.086000e-009
1.535090e+003 6.897000e-010
1.535096e+003 1.827000e-009
1.535102e+003 1.399000e-010
1.535108e+003 7.552000e-011
1.535114e+003 3.132000e-010
1.535120e+003 -9.241000e-010
1.535126e+003 1.648000e-009
1.535132e+003 3.376000e-010
1.535138e+003 1.853000e-009
1.535144e+003 -3.898000e-010
1.535150e+003 1.319000e-009
1.535156e+003 4.776000e-010
1.535162e+003 7.964000e-010
1.535168e+003 1.665000e-010
1.535174e+003 1.676000e-010
1.535180e+003 1.145000e-009
1.535186e+003 1.577000e-009
1.535192e+003 1.232000e-009
1.535198e+003 8.608000e-010
1.535204e+003 7.320000e-010
1.535210e+003 6.686000e-010
1.535216e+003 6.364000e-010
1.535222e+003 4.021000e-010
1.535228e+003 5.087000e-010
1.535234e+003 1.561000e-009
1.535240e+003 3.821000e-010
1.535246e+003 1.139000e-009
1.535251e+003 4.554000e-010
1.535257e+003 -4.565000e-010
1.535263e+003 2.399000e-010
1.535269e+003 2.243000e-010
1.535275e+003 9.863000e-010
1.535281e+003 9.252000e-010
1.535287e+003 1.096000e-009
1.535293e+003 7.142000e-010
1.535299e+003 -9.508000e-010
1.535305e+003 -8.330000e-011
1.535311e+003 1.156000e-009
1.535317e+003 -1.420000e-010
1.535323e+003 1.154000e-010
1.535329e+003 -1.318000e-009
1.535335e+003 1.499000e-009
1.535341e+003 8.830000e-010
1.535347e+003 -5.220000e-011
1.535353e+003 2.687000e-010
1.535359e+003 -4.576000e-010
1.535365e+003 1.787000e-010
1.535371e+003 7.397000e-010
1.535377e+003 -9.663000e-011
1.535383e+003 5.442000e-010
1.535389e+003 8.842000e-010
1.535395e+003 -2.354000e-010
1.535401e+003 5.042000e-010
1.535407e+003 8.919000e-010
1.535413e+003 5.764000e-010
1.535419e+003 8.897000e-010
1.535425e+003 2.853000e-010
1.535431e+003 1.835000e-009
1.535437e+003 -2.032000e-010
1.535443e+003 3.043000e-010
1.535449e+003 1.598000e-009
1.535455e+003 -4.443000e-012
1.535461e+003 7.708000e-010
1.535467e+003 2.610000e-010
1.535473e+003 -3.898000e-010
1.535479e+003 -1.665000e-011
1.535485e+003 8.552000e-010
1.535491e+003 -8.309000e-010
1.535497e+003 1.377000e-010
1.535503e+003 9.608000e-010
1.535509e+003 6.964000e-010
1.535515e+003 1.265000e-009
1.535521e+003 -6.776000e-011
1.535527e+003 1.066000e-009
1.535533e+003 1.155000e-009
1.535539e+003 -3.275000e-010
1.535545e+003 1.641000e-009
1.535551e+003 6.753000e-010
1.535557e+003 8.774000e-010
1.535563e+003 1.046000e-009
1.535569e+003 9.842001e-010
1.535575e+003 1.537000e-009
1.535581e+003 1.258000e-009
1.535587e+003 -2.599000e-010
1.535593e+003 -1.887000e-011
1.535599e+003 -1.610000e-010
1.535605e+003 1.821000e-010
1.535611e+003 6.887000e-010
1.535617e+003 8.597000e-010
1.535623e+003 1.998000e-009
1.535629e+003 1.299000e-009
1.535635e+003 8.464000e-010
1.535641e+003 -2.932000e-010
1.535647e+003 1.168000e-009
1.535653e+003 5.320000e-010
1.535659e+003 -1.665000e-010
1.535665e+003 4.287000e-010
1.535671e+003 -3.076000e-010
1.535677e+003 6.454000e-010
1.535683e+003 6.075000e-010
1.535689e+003 -1.787000e-010
1.535695e+003 7.086000e-010
1.535701e+003 2.510000e-010
1.535707e+003 1.188000e-009
1.535713e+003 1.246000e-009
1.535719e+003 -2.066000e-010
1.535725e+003 1.540000e-009
1.535731e+003 -6.220000e-011
1.535737e+003 1.258000e-009
1.535743e+003 1.748000e-009
1.535749e+003 4.998000e-011
1.535754e+003 -6.975000e-010
1.535760e+003 1.825000e-009
1.535766e+003 7.864000e-010
1.535772e+003 6.497000e-010
1.535778e+003 5.409000e-010
1.535784e+003 8.464000e-010
1.535790e+003 3.164000e-010
1.535796e+003 1.648000e-009
1.535802e+003 6.019000e-010
1.535808e+003 2.098000e-010
1.535814e+003 9.407000e-010
1.535820e+003 -4.620000e-010
1.535826e+003 1.139000e-009
1.535832e+003 -6.887000e-011
1.535838e+003 6.164000e-010
1.535844e+003 8.808000e-010
1.535850e+003 1.043000e-009
1.535856e+003 1.401000e-009
1.535862e+003 -1.188000e-010
1.535868e+003 7.753000e-010
1.535874e+003 1.077000e-010
1.535880e+003 -2.842000e-010
1.535886e+003 4.998000e-011
1.535892e+003 1.506000e-009
1.535898e+003 3.842000e-010
1.535904e+003 7.497000e-010
1.535910e+003 1.369000e-009
1.535916e+003 9.641000e-010
1.535922e+003 1.735000e-009
1.535928e+003 2.243000e-010
1.535934e+003 1.887000e-010
1.535940e+003 1.671000e-009
1.535946e+003 1.237000e-009
1.535952e+003 2.004000e-009
1.535958e+003 1.177000e-010
1.535964e+003 1.050000e-009
1.535970e+003 5.653000e-010
1.535976e+003 7.008000e-010
1.535982e+003 8.752000e-010
1.535988e+003 6.665000e-012
1.535994e+003 1.818000e-009
1.536000e+003 1.562000e-009
1.536006e+003 4.864000e-010
1.536012e+003 5.531000e-010
1.536018e+003 1.139000e-009
1.536024e+003 -1.254000e-010
1.536030e+003 5.220000e-010
1.536036e+003 1.664000e-009
1.536042e+003 -8.997000e-011
1.536048e+003 3.476000e-010
1.536054e+003 1.428000e-009
1.536060e+003 3.143000e-010
1.536066e+003 -2.154000e-010
1.536072e+003 1.188000e-009
1.536078e+003 3.343000e-010
1.536084e+003 2.320000e-010
1.536090e+003 3.021000e-010
1.536096e+003 7.153000e-010
1.536102e+003 -2.554000e-011
1.536108e+003 7.053000e-010
1.536114e+003 1.196000e-009
1.536120e+003 7.508000e-010
1.536126e+003 7.552000e-010
1.536132e+003 4.309000e-010
1.536138e+003 6.220000e-011
1.536144e+003 6.253000e-010
1.536150e+003 2.898000e-010
1.536156e+003 3.454000e-010
1.536162e+003 1.791000e-009
1.536168e+003 7.886000e-010
1.536174e+003 -1.576000e-010
1.536180e+003 5.153000e-010
1.536186e+003 5.442000e-010
1.536192e+003 4.765000e-010
1.536198e+003 4.143000e-010
1.536204e+003 3.831000e-010
1.536210e+003 6.564000e-010
1.536216e+003 5.087000e-010
1.536222e+003 7.564000e-010
1.536228e+003 9.819000e-010
1.536234e+003 -7.975000e-010
1.536240e+003 7.320000e-010
1.536246e+003 1.822000e-009
1.536251e+003 7.597000e-010
1.536257e+003 9.497000e-010
1.536263e+003 8.196000e-010
1.536269e+003 1.778000e-009
1.536275e+003 5.209000e-010
1.536281e+003 8.697000e-010
1.536287e+003 1.119000e-009
1.536293e+003 1.694000e-009
1.536299e+003 1.151000e-009
1.536305e+003 8.175000e-010
1.536311e+003 5.998000e-011
1.536317e+003 5.776000e-010
1.536323e+003 -3.043000e-010
1.536329e+003 5.820000e-010
1.536335e+003 5.631000e-010
1.536341e+003 8.319000e-010
1.536347e+003 1.443000e-009
1.536353e+003 1.006000e-009
1.536359e+003 4.898000e-010
1.536365e+003 -4.665000e-011
1.536371e+003 1.318000e-009
1.536377e+003 1.108000e-009
1.536383e+003 1.031000e-009
1.536389e+003 2.431000e-010
1.536395e+003 8.497000e-010
1.536401e+003 -5.132000e-010
1.536407e+003 4.132000e-010
1.536413e+003 9.486000e-010
1.536419e+003 -1.676000e-010
1.536425e+003 -2.143000e-010
1.536431e+003 5.032000e-010
1.536437e+003 1.460000e-009
1.536443e+003 4.431000e-010
1.536449e+003 4.887000e-010
1.536455e+003 1.103000e-009
1.536461e+003 1.999000e-009
1.536467e+003 1.732000e-010
1.536473e+003 8.675000e-010
1.536479e+003 6.019000e-010
1.536485e+003 1.240000e-009
1.536491e+003 8.464000e-010
1.536497e+003 4.898000e-010
1.536503e+003 -2.731000e-010
1.536509e+003 5.876000e-010
1.536515e+003 1.355000e-009
1.536521e+003 4.431000e-010
1.536527e+003 3.476000e-010
1.536533e+003 -2.853000e-010
1.536539e+003 1.432000e-010
1.536545e+003 5.576000e-010
1.536551e+003 -2.620000e-010
1.536557e+003 -4.776000e-011
1.536563e+003 1.954000e-010
1.536569e+003 5.931000e-010
1.536575e+003 1.087000e-009
1.536581e+003 9.252000e-010
1.536587e+003 -5.364000e-010
1.536593e+003 7.908000e-010
1.536599e+003 9.243000e-010
1.536605e+003 3.783000e-010
1.536611e+003 9.532000e-010
1.536617e+003 -1.630000e-010
1.536623e+003 4.816000e-010
1.536629e+003 6.957000e-010
1.536635e+003 2.574000e-010
1.536641e+003 1.217000e-009
1.536647e+003 7.279000e-010
1.536653e+003 1.176000e-009
1.536659e+003 -7.801000e-010
1.536665e+003 7.524000e-010
1.536671e+003 4.416000e-010
1.536677e+003 1.287000e-010
1.536683e+003 -8.101000e-011
1.536689e+003 -1.131000e-010
1.536695e+003 7.879000e-010
1.536701e+003 1.202000e-009
1.536707e+003 3.839000e-010
1.536713e+003 7.368000e-010
1.536719e+003 8.534000e-010
1.536725e+003 4.350000e-010
1.536731e+003 7.701000e-010
1.536737e+003 6.414000e-010
1.536743e+003 6.048000e-010
1.536749e+003 -3.683000e-010
1.536754e+003 5.903000e-010
1.536760e+003 3.651000e-010
1.536766e+003 2.907000e-010
1.536772e+003 3.329000e-010
1.536778e+003 6.469000e-010
1.536784e+003 -3.317000e-010
1.536790e+003 1.466000e-009
1.536796e+003 9.011000e-010
1.536802e+003 -3.162000e-010
1.536808e+003 8.944000e-010
1.536814e+003 1.287000e-010
1.536820e+003 6.069000e-010
1.536826e+003 4.205000e-010
1.536832e+003 2.552000e-010
1.536838e+003 6.103000e-010
1.536844e+003 4.216000e-010
1.536850e+003 3.839000e-010
1.536856e+003 -3.983000e-010
1.536862e+003 -4.771000e-011
1.536868e+003 1.109000e-012
1.536874e+003 -3.106000e-011
1.536880e+003 7.024000e-010
1.536886e+003 3.539000e-010
1.536892e+003 -2.496000e-010
1.536898e+003 2.995000e-011
1.536904e+003 3.928000e-010
1.536910e+003 7.513000e-010
1.536916e+003 1.282000e-009
1.536922e+003 -7.168000e-010
1.536928e+003 4.216000e-011
1.536934e+003 9.132000e-010
1.536940e+003 1.109000e-009
1.536946e+003 2.629000e-010
1.536952e+003 9.477000e-010
1.536958e+003 4.927000e-010
1.536964e+003 7.479000e-010
1.536970e+003 9.432000e-010
1.536976e+003 -6.058000e-010
1.536982e+003 1.370000e-009
1.536988e+003 7.901000e-010
1.536994e+003 -2.196000e-010
1.537000e+003 6.225000e-010
1.537006e+003 1.456000e-009
1.537012e+003 1.004000e-009
1.537018e+003 1.090000e-009
1.537024e+003 1.478000e-009
1.537030e+003 -3.462000e-010
1.537036e+003 1.187000e-010
1.537042e+003 3.472000e-010
1.537048e+003 1.100000e-009
1.537054e+003 9.921000e-010
1.537060e+003 -1.919000e-010
1.537066e+003 1.315000e-009
1.537072e+003 7.912000e-010
1.537078e+003 3.329000e-010
1.537084e+003 -9.654000e-011
1.537090e+003 7.557000e-010
1.537096e+003 7.513000e-010
1.537102e+003 1.597000e-009
1.537108e+003 -3.106000e-010
1.537114e+003 1.056000e-009
1.537120e+003 3.794000e-010
1.537126e+003 9.743000e-010
1.537132e+003 -2.030000e-010
1.537138e+003 7.790000e-010
1.537144e+003 1.251000e-009
1.537150e+003 -3.451000e-010
1.537156e+003 8.500000e-010
1.537162e+003 1.847000e-009
1.537168e+003 1.671000e-009
1.537174e+003 9.854000e-010
1.537180e+003 7.390000e-010
1.537186e+003 3.272000e-010
1.537192e+003 3.195000e-010
1.537198e+003 2.075000e-010
1.537204e+003 1.012000e-009
1.537210e+003 7.368000e-010
1.537216e+003 6.414000e-010
1.537222e+003 1.775000e-010
1.537228e+003 1.183000e-009
1.537234e+003 1.085000e-009
1.537240e+003 8.934000e-010
1.537246e+003 1.213000e-009
1.537251e+003 6.248000e-010
1.537257e+003 1.091000e-009
1.537263e+003 -4.205000e-010
1.537269e+003 4.439000e-010
1.537275e+003 6.303000e-010
1.537281e+003 -9.477000e-010
1.537287e+003 1.854000e-009
1.537293e+003 2.275000e-010
1.537299e+003 6.747000e-010
1.537305e+003 1.923000e-009
1.537311e+003 1.255000e-009
1.537317e+003 1.341000e-009
1.537323e+003 -6.081000e-010
1.537329e+003 1.598000e-009
1.537335e+003 2.081000e-009
1.537341e+003 1.435000e-009
1.537347e+003 7.257000e-010
1.537353e+003 2.170000e-009
1.537359e+003 7.413000e-010
1.537365e+003 1.747000e-009
1.537371e+003 -2.019000e-010
1.537377e+003 3.839000e-010
1.537383e+003 -5.981000e-010
1.537389e+003 1.885000e-011
1.537395e+003 6.425000e-010
1.537401e+003 4.538000e-010
1.537407e+003 9.399000e-010
1.537413e+003 7.124000e-010
1.537419e+003 -6.991000e-011
1.537425e+003 -2.219000e-011
1.537431e+003 1.630000e-010
1.537437e+003 -5.981000e-010
1.537443e+003 7.124000e-010
1.537449e+003 -7.102000e-011
1.537455e+003 -4.305000e-010
1.537461e+003 7.812000e-010
1.537467e+003 -1.054000e-010
1.537473e+003 2.119000e-010
1.537479e+003 4.527000e-010
1.537485e+003 5.837000e-010
1.537491e+003 1.483000e-009
1.537497e+003 2.021000e-009
1.537503e+003 3.528000e-010
1.537509e+003 -4.216000e-011
1.537515e+003 6.248000e-010
1.537521e+003 1.547000e-009
1.537527e+003 1.090000e-009
1.537533e+003 -7.568000e-010
1.537539e+003 -4.150000e-010
1.537545e+003 1.930000e-010
1.537551e+003 1.783000e-009
1.537557e+003 1.187000e-009
1.537563e+003 6.757000e-010
1.537569e+003 1.633000e-009
1.537575e+003 -2.107000e-010
1.537581e+003 1.985000e-010
1.537587e+003 1.181000e-009
1.537593e+003 -1.564000e-010
1.537599e+003 -1.853000e-010
1.537605e+003 3.961000e-010
1.537611e+003 4.682000e-010
1.537617e+003 1.403000e-009
1.537623e+003 9.809999e-010
1.537629e+003 1.044000e-009
1.537635e+003 5.837000e-010
1.537641e+003 4.139000e-010
1.537647e+003 9.211000e-010
1.537653e+003 2.230000e-010
1.537659e+003 7.324000e-010
1.537665e+003 2.574000e-010
1.537671e+003 9.599000e-010
1.537677e+003 5.238000e-010
1.537683e+003 1.475000e-009
1.537689e+003 9.144000e-010
1.537695e+003 7.313000e-010
1.537701e+003 2.492000e-009
1.537707e+003 4.205000e-010
1.537713e+003 9.411000e-010
1.537719e+003 1.157000e-009
1.537725e+003 -2.974000e-010
1.537731e+003 9.211000e-010
1.537737e+003 8.789000e-010
1.537743e+003 1.829000e-009
1.537749e+003 8.589000e-010
1.537754e+003 3.483000e-010
1.537760e+003 6.991000e-010
1.537766e+003 1.116000e-009
1.537772e+003 1.725000e-009
1.537778e+003 6.791000e-010
1.537784e+003 1.182000e-009
1.537790e+003 1.067000e-009
1.537796e+003 4.271000e-010
1.537802e+003 5.958000e-010
1.537808e+003 7.113000e-010
1.537814e+003 7.213000e-011
1.537820e+003 5.338000e-010
1.537826e+003 -6.214000e-011
1.537832e+003 1.200000e-009
1.537838e+003 3.084000e-010
1.537844e+003 6.103000e-011
1.537850e+003 5.837000e-010
1.537856e+003 2.774000e-011
1.537862e+003 4.527000e-010
1.537868e+003 -7.102000e-011
1.537874e+003 1.358000e-009
1.537880e+003 4.416000e-010
1.537886e+003 5.660000e-011
1.537892e+003 7.990000e-010
1.537898e+003 -1.996000e-011
1.537904e+003 1.130000e-009
1.537910e+003 1.117000e-009
1.537916e+003 5.293000e-010
1.537922e+003 1.016000e-009
1.537928e+003 8.578000e-010
1.537934e+003 1.405000e-009
1.537940e+003 1.098000e-009
1.537946e+003 -2.652000e-010
1.537952e+003 6.158000e-010
1.537958e+003 1.930000e-010
1.537964e+003 -9.921000e-010
1.537970e+003 -1.675000e-010
1.537976e+003 1.464000e-010
1.537982e+003 1.619000e-010
1.537988e+003 6.813000e-010
1.537994e+003 4.849000e-010
